<?xml version="1.0" encoding="utf-8"?>
<COLLADA xmlns="http://www.collada.org/2005/11/COLLADASchema" version="1.4.1">
  <asset><contributor><author>Mixamo</author><authoring_tool>COLLADA Mixamo exporter</authoring_tool><comments></comments></contributor><created>2015-09-12T17:58:44Z</created><modified>2015-09-12T17:58:44Z</modified><revision></revision><title></title><unit meter="0.010000"/><up_axis>Y_UP</up_axis></asset>
  <library_animations>
    <animation id="mixamorig_Hips-anim" name="mixamorig_Hips"><source id="mixamorig_Hips-Matrix-animation-input"><float_array id="mixamorig_Hips-Matrix-animation-input-array" count="251">

0.000000 0.033333 0.066667 0.100000 0.133333 0.166667 0.200000 0.233333 0.266667 0.300000 0.333333 0.366667 0.400000 0.433333 0.466667 0.500000
0.533333 0.566667 0.600000 0.633333 0.666667 0.700000 0.733333 0.766667 0.800000 0.833333 0.866667 0.900000 0.933333 0.966667 1.000000 1.033333
1.066667 1.100000 1.133333 1.166667 1.200000 1.233333 1.266667 1.300000 1.333333 1.366667 1.400000 1.433333 1.466667 1.500000 1.533333 1.566667
1.600000 1.633333 1.666667 1.700000 1.733333 1.766667 1.800000 1.833333 1.866667 1.900000 1.933333 1.966667 2.000000 2.033333 2.066667 2.100000
2.133333 2.166667 2.200000 2.233333 2.266667 2.300000 2.333333 2.366667 2.400000 2.433333 2.466667 2.500000 2.533333 2.566667 2.600000 2.633333
2.666667 2.700000 2.733333 2.766667 2.800000 2.833333 2.866667 2.900000 2.933333 2.966667 3.000000 3.033333 3.066667 3.100000 3.133333 3.166667
3.200000 3.233333 3.266667 3.300000 3.333333 3.366667 3.400000 3.433333 3.466667 3.500000 3.533333 3.566667 3.600000 3.633333 3.666667 3.700000
3.733333 3.766667 3.800000 3.833333 3.866667 3.900000 3.933333 3.966667 4.000000 4.033333 4.066667 4.100000 4.133333 4.166667 4.200000 4.233333
4.266667 4.300000 4.333333 4.366667 4.400000 4.433333 4.466667 4.500000 4.533333 4.566667 4.600000 4.633333 4.666667 4.700000 4.733333 4.766667
4.800000 4.833333 4.866667 4.900000 4.933333 4.966667 5.000000 5.033333 5.066667 5.100000 5.133333 5.166667 5.200000 5.233333 5.266667 5.300000
5.333333 5.366667 5.400000 5.433333 5.466667 5.500000 5.533333 5.566667 5.600000 5.633333 5.666667 5.700000 5.733333 5.766667 5.800000 5.833333
5.866667 5.900000 5.933333 5.966667 6.000000 6.033333 6.066667 6.100000 6.133333 6.166667 6.200000 6.233333 6.266667 6.300000 6.333333 6.366667
6.400000 6.433333 6.466667 6.500000 6.533333 6.566667 6.600000 6.633333 6.666667 6.700000 6.733333 6.766667 6.800000 6.833333 6.866667 6.900000
6.933333 6.966667 7.000000 7.033333 7.066667 7.100000 7.133333 7.166667 7.200000 7.233333 7.266667 7.300000 7.333333 7.366667 7.400000 7.433333
7.466667 7.500000 7.533333 7.566667 7.600000 7.633333 7.666667 7.700000 7.733333 7.766667 7.800000 7.833333 7.866667 7.900000 7.933333 7.966667
8.000000 8.033333 8.066667 8.100000 8.133333 8.166667 8.200000 8.233333 8.266667 8.300000 8.333333</float_array><technique_common><accessor source="#mixamorig_Hips-Matrix-animation-input-array" count="251"><param name="TIME" type="float"/></accessor></technique_common></source><source id="mixamorig_Hips-Matrix-animation-output-transform"><float_array id="mixamorig_Hips-Matrix-animation-output-transform-array" count="4016">

0.993893 0.062382 -0.091021 0.151295 -0.056561 0.996269 0.065185 102.299232 0.094748 -0.059639 0.993713 0.093201 0.000000 0.000000 0.000000 1.000000
0.993895 0.062384 -0.091001 0.152212 -0.056594 0.996287 0.064876 102.300011 0.094710 -0.059330 0.993735 0.095150 0.000000 0.000000 0.000000 1.000000
0.993881 0.062382 -0.091154 0.153282 -0.056604 0.996301 0.064649 102.301674 0.094850 -0.059093 0.993736 0.100571 0.000000 0.000000 0.000000 1.000000
0.993862 0.062357 -0.091374 0.154962 -0.056584 0.996314 0.064476 102.303749 0.095058 -0.058910 0.993727 0.108441 0.000000 0.000000 0.000000 1.000000
0.993830 0.062364 -0.091724 0.156668 -0.056578 0.996320 0.064386 102.306381 0.095402 -0.058799 0.993701 0.117615 0.000000 0.000000 0.000000 1.000000
0.993774 0.062405 -0.092300 0.157959 -0.056589 0.996322 0.064344 102.309547 0.095976 -0.058720 0.993650 0.127236 0.000000 0.000000 0.000000 1.000000
0.993702 0.062448 -0.093043 0.159174 -0.056596 0.996327 0.064264 102.312454 0.096714 -0.058593 0.993586 0.136618 0.000000 0.000000 0.000000 1.000000
0.993628 0.062488 -0.093801 0.160468 -0.056602 0.996334 0.064149 102.313705 0.097466 -0.058431 0.993522 0.145495 0.000000 0.000000 0.000000 1.000000
0.993555 0.062552 -0.094524 0.161595 -0.056629 0.996336 0.064092 102.313530 0.098187 -0.058326 0.993457 0.154213 0.000000 0.000000 0.000000 1.000000
0.993479 0.062655 -0.095254 0.162772 -0.056690 0.996332 0.064093 102.314461 0.098920 -0.058275 0.993388 0.163398 0.000000 0.000000 0.000000 1.000000
0.993401 0.062788 -0.095982 0.164582 -0.056789 0.996332 0.064012 102.317924 0.099649 -0.058139 0.993323 0.173008 0.000000 0.000000 0.000000 1.000000
0.993325 0.062905 -0.096687 0.166815 -0.056889 0.996342 0.063773 102.321922 0.100345 -0.057846 0.993270 0.182468 0.000000 0.000000 0.000000 1.000000
0.993255 0.062974 -0.097363 0.168491 -0.056950 0.996358 0.063460 102.323341 0.101004 -0.057487 0.993224 0.191372 0.000000 0.000000 0.000000 1.000000
0.993192 0.063038 -0.097963 0.169150 -0.057007 0.996372 0.063186 102.322533 0.101591 -0.057171 0.993182 0.199683 0.000000 0.000000 0.000000 1.000000
0.993134 0.063149 -0.098475 0.168284 -0.057109 0.996379 0.062995 102.321304 0.102096 -0.056938 0.993144 0.207549 0.000000 0.000000 0.000000 1.000000
0.993075 0.063329 -0.098949 0.164844 -0.057277 0.996378 0.062855 102.320740 0.102571 -0.056752 0.993105 0.214776 0.000000 0.000000 0.000000 1.000000
0.993021 0.063539 -0.099356 0.158480 -0.057484 0.996378 0.062669 102.319763 0.102978 -0.056520 0.993077 0.221029 0.000000 0.000000 0.000000 1.000000
0.992987 0.063710 -0.099591 0.150368 -0.057676 0.996387 0.062346 102.317871 0.103203 -0.056164 0.993073 0.227047 0.000000 0.000000 0.000000 1.000000
0.992971 0.063823 -0.099677 0.142068 -0.057827 0.996404 0.061929 102.315956 0.103271 -0.055730 0.993091 0.234259 0.000000 0.000000 0.000000 1.000000
0.992957 0.063927 -0.099753 0.134080 -0.057967 0.996419 0.061552 102.315369 0.103330 -0.055336 0.993107 0.242835 0.000000 0.000000 0.000000 1.000000
0.992939 0.064052 -0.099849 0.125588 -0.058116 0.996428 0.061274 102.316055 0.103417 -0.055039 0.993114 0.251841 0.000000 0.000000 0.000000 1.000000
0.992932 0.064152 -0.099853 0.115761 -0.058246 0.996438 0.060989 102.317024 0.103410 -0.054742 0.993131 0.261542 0.000000 0.000000 0.000000 1.000000
0.992942 0.064175 -0.099737 0.104857 -0.058321 0.996460 0.060549 102.317139 0.103270 -0.054305 0.993170 0.273102 0.000000 0.000000 0.000000 1.000000
0.992950 0.064151 -0.099679 0.094131 -0.058357 0.996491 0.059994 102.316856 0.103178 -0.053754 0.993209 0.287333 0.000000 0.000000 0.000000 1.000000
0.992937 0.064142 -0.099807 0.084431 -0.058391 0.996518 0.059514 102.318398 0.103277 -0.053265 0.993225 0.304792 0.000000 0.000000 0.000000 1.000000
0.992920 0.064092 -0.100011 0.075677 -0.058362 0.996539 0.059202 102.321777 0.103459 -0.052946 0.993224 0.325365 0.000000 0.000000 0.000000 1.000000
0.992918 0.063936 -0.100125 0.067660 -0.058219 0.996558 0.059015 102.325447 0.103554 -0.052768 0.993223 0.347721 0.000000 0.000000 0.000000 1.000000
0.992936 0.063680 -0.100115 0.059909 -0.057971 0.996577 0.058938 102.326233 0.103526 -0.052718 0.993229 0.369502 0.000000 0.000000 0.000000 1.000000
0.992967 0.063396 -0.099989 0.051669 -0.057686 0.996590 0.059006 102.324516 0.103389 -0.052823 0.993237 0.389635 0.000000 0.000000 0.000000 1.000000
0.993006 0.063133 -0.099764 0.042014 -0.057413 0.996594 0.059203 102.323311 0.103162 -0.053061 0.993248 0.409985 0.000000 0.000000 0.000000 1.000000
0.993042 0.062900 -0.099556 0.030056 -0.057160 0.996591 0.059497 102.324203 0.102959 -0.053393 0.993252 0.433405 0.000000 0.000000 0.000000 1.000000
0.993059 0.062709 -0.099505 0.015761 -0.056929 0.996579 0.059904 102.326050 0.102921 -0.053824 0.993232 0.460043 0.000000 0.000000 0.000000 1.000000
0.993064 0.062559 -0.099546 0.000591 -0.056725 0.996561 0.060396 102.327049 0.102982 -0.054330 0.993198 0.486921 0.000000 0.000000 0.000000 1.000000
0.993078 0.062421 -0.099499 -0.013651 -0.056538 0.996542 0.060890 102.327065 0.102955 -0.054843 0.993173 0.511285 0.000000 0.000000 0.000000 1.000000
0.993103 0.062278 -0.099333 -0.026783 -0.056355 0.996523 0.061362 102.326813 0.102809 -0.055341 0.993160 0.532245 0.000000 0.000000 0.000000 1.000000
0.993141 0.062099 -0.099066 -0.039439 -0.056140 0.996505 0.061856 102.326096 0.102561 -0.055870 0.993156 0.549497 0.000000 0.000000 0.000000 1.000000
0.993199 0.061865 -0.098630 -0.051771 -0.055873 0.996486 0.062407 102.325195 0.102144 -0.056472 0.993165 0.563268 0.000000 0.000000 0.000000 1.000000
0.993285 0.061560 -0.097957 -0.063628 -0.055547 0.996469 0.062967 102.324272 0.101487 -0.057103 0.993197 0.574513 0.000000 0.000000 0.000000 1.000000
0.993395 0.061163 -0.097085 -0.074592 -0.055149 0.996459 0.063465 102.323975 0.100623 -0.057692 0.993251 0.583810 0.000000 0.000000 0.000000 1.000000
0.993521 0.060682 -0.096089 -0.084252 -0.054684 0.996458 0.063879 102.324135 0.099625 -0.058210 0.993321 0.590088 0.000000 0.000000 0.000000 1.000000
0.993659 0.060188 -0.094970 -0.093208 -0.054221 0.996462 0.064212 102.323181 0.098498 -0.058656 0.993407 0.592136 0.000000 0.000000 0.000000 1.000000
0.993808 0.059757 -0.093676 -0.103285 -0.053840 0.996466 0.064471 102.319839 0.097198 -0.059028 0.993513 0.590825 0.000000 0.000000 0.000000 1.000000
0.993962 0.059385 -0.092261 -0.115218 -0.053530 0.996469 0.064690 102.314568 0.095777 -0.059361 0.993631 0.587754 0.000000 0.000000 0.000000 1.000000
0.994113 0.059021 -0.090864 -0.128201 -0.053226 0.996469 0.064935 102.309166 0.094376 -0.059717 0.993744 0.583594 0.000000 0.000000 0.000000 1.000000
0.994249 0.058660 -0.089600 -0.142140 -0.052913 0.996467 0.065221 102.304886 0.093109 -0.060105 0.993840 0.578428 0.000000 0.000000 0.000000 1.000000
0.994366 0.058327 -0.088506 -0.157844 -0.052623 0.996466 0.065477 102.301384 0.092012 -0.060451 0.993921 0.572955 0.000000 0.000000 0.000000 1.000000
0.994466 0.058027 -0.087577 -0.175474 -0.052360 0.996467 0.065670 102.297798 0.091078 -0.060721 0.993991 0.568765 0.000000 0.000000 0.000000 1.000000
0.994548 0.057749 -0.086824 -0.194368 -0.052112 0.996468 0.065852 102.294968 0.090320 -0.060968 0.994045 0.566686 0.000000 0.000000 0.000000 1.000000
0.994612 0.057506 -0.086258 -0.214795 -0.051885 0.996466 0.066053 102.293777 0.089752 -0.061221 0.994081 0.565916 0.000000 0.000000 0.000000 1.000000
0.994660 0.057305 -0.085838 -0.236919 -0.051694 0.996465 0.066222 102.293022 0.089329 -0.061431 0.994106 0.565417 0.000000 0.000000 0.000000 1.000000
0.994698 0.057141 -0.085500 -0.259004 -0.051545 0.996469 0.066281 102.291885 0.088986 -0.061523 0.994131 0.565200 0.000000 0.000000 0.000000 1.000000
0.994727 0.056986 -0.085274 -0.278975 -0.051409 0.996480 0.066222 102.290802 0.088747 -0.061489 0.994154 0.566316 0.000000 0.000000 0.000000 1.000000
0.994737 0.056819 -0.085264 -0.297008 -0.051250 0.996493 0.066144 102.290268 0.088724 -0.061426 0.994160 0.569723 0.000000 0.000000 0.000000 1.000000
0.994725 0.056656 -0.085513 -0.313485 -0.051073 0.996503 0.066130 102.290749 0.088961 -0.061414 0.994140 0.575885 0.000000 0.000000 0.000000 1.000000
0.994699 0.056500 -0.085917 -0.327525 -0.050886 0.996509 0.066187 102.292213 0.089357 -0.061464 0.994101 0.584454 0.000000 0.000000 0.000000 1.000000
0.994673 0.056338 -0.086325 -0.338795 -0.050690 0.996512 0.066287 102.294022 0.089759 -0.061558 0.994059 0.594171 0.000000 0.000000 0.000000 1.000000
0.994651 0.056168 -0.086685 -0.348277 -0.050486 0.996514 0.066408 102.295570 0.090113 -0.061677 0.994020 0.603849 0.000000 0.000000 0.000000 1.000000
0.994629 0.056005 -0.087040 -0.356630 -0.050286 0.996514 0.066565 102.296677 0.090465 -0.061831 0.993978 0.613534 0.000000 0.000000 0.000000 1.000000
0.994602 0.055870 -0.087433 -0.363161 -0.050107 0.996509 0.066772 102.297173 0.090858 -0.062031 0.993930 0.623629 0.000000 0.000000 0.000000 1.000000
0.994568 0.055775 -0.087887 -0.367873 -0.049961 0.996501 0.067011 102.297287 0.091317 -0.062256 0.993874 0.633655 0.000000 0.000000 0.000000 1.000000
0.994525 0.055711 -0.088407 -0.371795 -0.049842 0.996489 0.067266 102.297127 0.091844 -0.062491 0.993811 0.643080 0.000000 0.000000 0.000000 1.000000
0.994482 0.055671 -0.088918 -0.375760 -0.049744 0.996476 0.067535 102.296295 0.092364 -0.062739 0.993747 0.652005 0.000000 0.000000 0.000000 1.000000
0.994446 0.055674 -0.089317 -0.379855 -0.049696 0.996460 0.067811 102.294945 0.092776 -0.062996 0.993692 0.660920 0.000000 0.000000 0.000000 1.000000
0.994414 0.055730 -0.089633 -0.383147 -0.049705 0.996439 0.068103 102.293808 0.093109 -0.063267 0.993644 0.669724 0.000000 0.000000 0.000000 1.000000
0.994378 0.055812 -0.089980 -0.384222 -0.049734 0.996416 0.068428 102.293297 0.093477 -0.063568 0.993590 0.677150 0.000000 0.000000 0.000000 1.000000
0.994343 0.055907 -0.090312 -0.383030 -0.049772 0.996388 0.068805 102.293358 0.093832 -0.063921 0.993534 0.683170 0.000000 0.000000 0.000000 1.000000
0.994324 0.056036 -0.090444 -0.380941 -0.049852 0.996353 0.069245 102.293648 0.093995 -0.064343 0.993491 0.689682 0.000000 0.000000 0.000000 1.000000
0.994325 0.056200 -0.090334 -0.378996 -0.049978 0.996313 0.069727 102.293266 0.093920 -0.064817 0.993468 0.697081 0.000000 0.000000 0.000000 1.000000
0.994335 0.056368 -0.090115 -0.376779 -0.050114 0.996272 0.070214 102.291557 0.093736 -0.065300 0.993453 0.703281 0.000000 0.000000 0.000000 1.000000
0.994348 0.056515 -0.089883 -0.374010 -0.050233 0.996233 0.070680 102.289337 0.093539 -0.065765 0.993441 0.707070 0.000000 0.000000 0.000000 1.000000
0.994369 0.056644 -0.089569 -0.371798 -0.050340 0.996195 0.071141 102.286942 0.093258 -0.066232 0.993437 0.709711 0.000000 0.000000 0.000000 1.000000
0.994409 0.056762 -0.089040 -0.371754 -0.050448 0.996154 0.071637 102.283791 0.092764 -0.066745 0.993448 0.713253 0.000000 0.000000 0.000000 1.000000
0.994470 0.056861 -0.088293 -0.373669 -0.050545 0.996108 0.072203 102.279282 0.092055 -0.067341 0.993474 0.717872 0.000000 0.000000 0.000000 1.000000
0.994541 0.056919 -0.087458 -0.375923 -0.050601 0.996059 0.072843 102.273727 0.091260 -0.068020 0.993501 0.721736 0.000000 0.000000 0.000000 1.000000
0.994614 0.056939 -0.086605 -0.378731 -0.050618 0.996009 0.073514 102.267754 0.090446 -0.068734 0.993527 0.723849 0.000000 0.000000 0.000000 1.000000
0.994693 0.056940 -0.085699 -0.384143 -0.050625 0.995962 0.074145 102.261581 0.089574 -0.069413 0.993558 0.725283 0.000000 0.000000 0.000000 1.000000
0.994777 0.056926 -0.084723 -0.393316 -0.050630 0.995920 0.074702 102.255280 0.088629 -0.070022 0.993600 0.727276 0.000000 0.000000 0.000000 1.000000
0.994868 0.056879 -0.083675 -0.406680 -0.050615 0.995885 0.075172 102.249023 0.087607 -0.070551 0.993654 0.730869 0.000000 0.000000 0.000000 1.000000
0.994968 0.056784 -0.082553 -0.423775 -0.050569 0.995862 0.075515 102.244232 0.086500 -0.070960 0.993722 0.737268 0.000000 0.000000 0.000000 1.000000
0.995066 0.056660 -0.081449 -0.442475 -0.050509 0.995850 0.075704 102.242538 0.085400 -0.071216 0.993798 0.746477 0.000000 0.000000 0.000000 1.000000
0.995148 0.056555 -0.080515 -0.461458 -0.050463 0.995846 0.075790 102.242714 0.084467 -0.071359 0.993868 0.757587 0.000000 0.000000 0.000000 1.000000
0.995205 0.056471 -0.079866 -0.480330 -0.050417 0.995841 0.075881 102.243034 0.083819 -0.071490 0.993913 0.770448 0.000000 0.000000 0.000000 1.000000
0.995241 0.056352 -0.079493 -0.498644 -0.050312 0.995834 0.076045 102.242981 0.083447 -0.071684 0.993931 0.785184 0.000000 0.000000 0.000000 1.000000
0.995268 0.056167 -0.079284 -0.517017 -0.050122 0.995826 0.076276 102.242577 0.083238 -0.071942 0.993930 0.801395 0.000000 0.000000 0.000000 1.000000
0.995294 0.055948 -0.079113 -0.537644 -0.049894 0.995818 0.076532 102.241913 0.083064 -0.072225 0.993923 0.818882 0.000000 0.000000 0.000000 1.000000
0.995322 0.055766 -0.078892 -0.561959 -0.049708 0.995809 0.076775 102.241409 0.082843 -0.072494 0.993922 0.837781 0.000000 0.000000 0.000000 1.000000
0.995351 0.055627 -0.078627 -0.588239 -0.049571 0.995800 0.076979 102.240921 0.082579 -0.072723 0.993928 0.857597 0.000000 0.000000 0.000000 1.000000
0.995376 0.055469 -0.078425 -0.612656 -0.049413 0.995794 0.077151 102.240578 0.082375 -0.072919 0.993930 0.877324 0.000000 0.000000 0.000000 1.000000
0.995390 0.055263 -0.078386 -0.633174 -0.049197 0.995792 0.077317 102.241257 0.082329 -0.073104 0.993920 0.897006 0.000000 0.000000 0.000000 1.000000
0.995392 0.055046 -0.078513 -0.651026 -0.048957 0.995792 0.077472 102.243690 0.082447 -0.073272 0.993898 0.917657 0.000000 0.000000 0.000000 1.000000
0.995384 0.054851 -0.078749 -0.667788 -0.048734 0.995793 0.077595 102.247131 0.082674 -0.073399 0.993870 0.938737 0.000000 0.000000 0.000000 1.000000
0.995370 0.054656 -0.079069 -0.682134 -0.048505 0.995794 0.077734 102.249580 0.082985 -0.073539 0.993834 0.956699 0.000000 0.000000 0.000000 1.000000
0.995352 0.054437 -0.079447 -0.692175 -0.048236 0.995787 0.077987 102.250183 0.083358 -0.073792 0.993784 0.968178 0.000000 0.000000 0.000000 1.000000
0.995335 0.054234 -0.079787 -0.698600 -0.047976 0.995770 0.078366 102.250366 0.083699 -0.074173 0.993727 0.973504 0.000000 0.000000 0.000000 1.000000
0.995324 0.054080 -0.080030 -0.702467 -0.047772 0.995750 0.078744 102.252617 0.083948 -0.074553 0.993677 0.974695 0.000000 0.000000 0.000000 1.000000
0.995316 0.053925 -0.080236 -0.702531 -0.047585 0.995743 0.078934 102.257362 0.084151 -0.074747 0.993646 0.972791 0.000000 0.000000 0.000000 1.000000
0.995309 0.053705 -0.080469 -0.697075 -0.047354 0.995761 0.078852 102.262764 0.084362 -0.074672 0.993633 0.967810 0.000000 0.000000 0.000000 1.000000
0.995304 0.053422 -0.080723 -0.686669 -0.047076 0.995797 0.078569 102.266510 0.084581 -0.074400 0.993635 0.958654 0.000000 0.000000 0.000000 1.000000
0.995300 0.053128 -0.080965 -0.673918 -0.046795 0.995839 0.078201 102.268318 0.084783 -0.074045 0.993644 0.944510 0.000000 0.000000 0.000000 1.000000
0.995298 0.052861 -0.081164 -0.661092 -0.046547 0.995881 0.077806 102.269684 0.084942 -0.073662 0.993659 0.926871 0.000000 0.000000 0.000000 1.000000
0.995297 0.052628 -0.081324 -0.648635 -0.046336 0.995922 0.077414 102.271835 0.085067 -0.073282 0.993677 0.907746 0.000000 0.000000 0.000000 1.000000
0.995294 0.052422 -0.081497 -0.635625 -0.046145 0.995957 0.077077 102.274452 0.085208 -0.072953 0.993689 0.887871 0.000000 0.000000 0.000000 1.000000
0.995287 0.052230 -0.081708 -0.621158 -0.045961 0.995986 0.076807 102.277260 0.085392 -0.072690 0.993692 0.868176 0.000000 0.000000 0.000000 1.000000
0.995277 0.052048 -0.081941 -0.605041 -0.045785 0.996014 0.076548 102.280807 0.085599 -0.072435 0.993693 0.850137 0.000000 0.000000 0.000000 1.000000
0.995264 0.051900 -0.082189 -0.588096 -0.045644 0.996044 0.076243 102.285225 0.085821 -0.072130 0.993696 0.833808 0.000000 0.000000 0.000000 1.000000
0.995245 0.051817 -0.082473 -0.571776 -0.045571 0.996075 0.075886 102.289444 0.086082 -0.071767 0.993700 0.817406 0.000000 0.000000 0.000000 1.000000
0.995219 0.051780 -0.082808 -0.556822 -0.045546 0.996107 0.075480 102.292580 0.086394 -0.071348 0.993703 0.800320 0.000000 0.000000 0.000000 1.000000
0.995192 0.051717 -0.083175 -0.542264 -0.045500 0.996146 0.074987 102.295906 0.086732 -0.070842 0.993710 0.784677 0.000000 0.000000 0.000000 1.000000
0.995166 0.051625 -0.083547 -0.526166 -0.045434 0.996194 0.074387 102.300972 0.087070 -0.070232 0.993724 0.771942 0.000000 0.000000 0.000000 1.000000
0.995137 0.051581 -0.083911 -0.508284 -0.045421 0.996243 0.073733 102.306732 0.087399 -0.069564 0.993742 0.760729 0.000000 0.000000 0.000000 1.000000
0.995107 0.051610 -0.084252 -0.489981 -0.045481 0.996286 0.073111 102.312134 0.087713 -0.068921 0.993759 0.750777 0.000000 0.000000 0.000000 1.000000
0.995077 0.051626 -0.084593 -0.471500 -0.045520 0.996322 0.072591 102.318497 0.088030 -0.068383 0.993768 0.745496 0.000000 0.000000 0.000000 1.000000
0.995047 0.051540 -0.084998 -0.451735 -0.045437 0.996352 0.072235 102.326683 0.088411 -0.068015 0.993759 0.746826 0.000000 0.000000 0.000000 1.000000
0.995013 0.051377 -0.085498 -0.430931 -0.045254 0.996372 0.072073 102.334656 0.088891 -0.067845 0.993728 0.751470 0.000000 0.000000 0.000000 1.000000
0.994975 0.051251 -0.086012 -0.411235 -0.045090 0.996377 0.072105 102.340286 0.089396 -0.067865 0.993681 0.755054 0.000000 0.000000 0.000000 1.000000
0.994943 0.051221 -0.086400 -0.394837 -0.045017 0.996368 0.072285 102.343727 0.089788 -0.068030 0.993635 0.757017 0.000000 0.000000 0.000000 1.000000
0.994925 0.051238 -0.086602 -0.381666 -0.044998 0.996351 0.072527 102.346390 0.090002 -0.068262 0.993599 0.759855 0.000000 0.000000 0.000000 1.000000
0.994917 0.051227 -0.086695 -0.369770 -0.044959 0.996335 0.072769 102.348938 0.090105 -0.068502 0.993574 0.764939 0.000000 0.000000 0.000000 1.000000
0.994910 0.051177 -0.086808 -0.357647 -0.044879 0.996321 0.073010 102.351738 0.090225 -0.068743 0.993546 0.771349 0.000000 0.000000 0.000000 1.000000
0.994895 0.051136 -0.086996 -0.345553 -0.044803 0.996307 0.073249 102.355125 0.090421 -0.068977 0.993512 0.777757 0.000000 0.000000 0.000000 1.000000
0.994876 0.051145 -0.087212 -0.334858 -0.044780 0.996294 0.073437 102.358521 0.090645 -0.069155 0.993479 0.782881 0.000000 0.000000 0.000000 1.000000
0.994859 0.051197 -0.087374 -0.326399 -0.044813 0.996286 0.073524 102.360458 0.090813 -0.069231 0.993459 0.785374 0.000000 0.000000 0.000000 1.000000
0.994848 0.051255 -0.087467 -0.319255 -0.044866 0.996285 0.073505 102.361198 0.090910 -0.069202 0.993452 0.785206 0.000000 0.000000 0.000000 1.000000
0.994840 0.051308 -0.087531 -0.312190 -0.044923 0.996289 0.073416 102.362755 0.090973 -0.069105 0.993453 0.783896 0.000000 0.000000 0.000000 1.000000
0.994832 0.051376 -0.087574 -0.305614 -0.044998 0.996294 0.073308 102.365341 0.091016 -0.068989 0.993457 0.782519 0.000000 0.000000 0.000000 1.000000
0.994828 0.051471 -0.087563 -0.300483 -0.045104 0.996296 0.073208 102.368149 0.091006 -0.068880 0.993465 0.781416 0.000000 0.000000 0.000000 1.000000
0.994827 0.051577 -0.087514 -0.296852 -0.045223 0.996299 0.073095 102.370972 0.090961 -0.068759 0.993478 0.781370 0.000000 0.000000 0.000000 1.000000
0.994823 0.051676 -0.087508 -0.294120 -0.045338 0.996306 0.072929 102.373688 0.090954 -0.068584 0.993491 0.782723 0.000000 0.000000 0.000000 1.000000
0.994811 0.051784 -0.087576 -0.292128 -0.045462 0.996316 0.072713 102.374657 0.091019 -0.068354 0.993501 0.784433 0.000000 0.000000 0.000000 1.000000
0.994796 0.051934 -0.087654 -0.291431 -0.045625 0.996323 0.072512 102.372581 0.091098 -0.068136 0.993508 0.785029 0.000000 0.000000 0.000000 1.000000
0.994786 0.052124 -0.087658 -0.292966 -0.045828 0.996324 0.072372 102.368439 0.091108 -0.067977 0.993518 0.784412 0.000000 0.000000 0.000000 1.000000
0.994784 0.052326 -0.087565 -0.297483 -0.046044 0.996321 0.072280 102.364182 0.091025 -0.067871 0.993533 0.783757 0.000000 0.000000 0.000000 1.000000
0.994786 0.052523 -0.087420 -0.304138 -0.046257 0.996315 0.072232 102.360855 0.090892 -0.067811 0.993549 0.784499 0.000000 0.000000 0.000000 1.000000
0.994787 0.052711 -0.087292 -0.311020 -0.046454 0.996306 0.072219 102.358154 0.090777 -0.067787 0.993561 0.787186 0.000000 0.000000 0.000000 1.000000
0.994783 0.052883 -0.087234 -0.317637 -0.046633 0.996301 0.072185 102.355507 0.090729 -0.067740 0.993569 0.791649 0.000000 0.000000 0.000000 1.000000
0.994773 0.053032 -0.087264 -0.325561 -0.046790 0.996301 0.072077 102.352036 0.090764 -0.067617 0.993574 0.797100 0.000000 0.000000 0.000000 1.000000
0.994756 0.053164 -0.087372 -0.336065 -0.046934 0.996309 0.071876 102.346985 0.090870 -0.067398 0.993579 0.801816 0.000000 0.000000 0.000000 1.000000
0.994734 0.053314 -0.087537 -0.348344 -0.047101 0.996323 0.071568 102.341721 0.091031 -0.067068 0.993587 0.804991 0.000000 0.000000 0.000000 1.000000
0.994704 0.053508 -0.087756 -0.360235 -0.047316 0.996340 0.071185 102.339149 0.091244 -0.066656 0.993595 0.808247 0.000000 0.000000 0.000000 1.000000
0.994665 0.053731 -0.088060 -0.370870 -0.047556 0.996357 0.070784 102.339981 0.091543 -0.066219 0.993597 0.813949 0.000000 0.000000 0.000000 1.000000
0.994618 0.053932 -0.088464 -0.381110 -0.047767 0.996376 0.070381 102.341377 0.091939 -0.065776 0.993590 0.822416 0.000000 0.000000 0.000000 1.000000
0.994570 0.054065 -0.088928 -0.390850 -0.047908 0.996398 0.069969 102.340523 0.092391 -0.065329 0.993577 0.831820 0.000000 0.000000 0.000000 1.000000
0.994524 0.054149 -0.089389 -0.399360 -0.047997 0.996420 0.069595 102.337883 0.092837 -0.064923 0.993562 0.841011 0.000000 0.000000 0.000000 1.000000
0.994485 0.054217 -0.089783 -0.407334 -0.048066 0.996436 0.069312 102.335510 0.093221 -0.064615 0.993547 0.850636 0.000000 0.000000 0.000000 1.000000
0.994454 0.054270 -0.090093 -0.415357 -0.048120 0.996449 0.069086 102.334229 0.093522 -0.064368 0.993534 0.861463 0.000000 0.000000 0.000000 1.000000
0.994428 0.054285 -0.090372 -0.422893 -0.048142 0.996467 0.068821 102.333946 0.093788 -0.064086 0.993527 0.873517 0.000000 0.000000 0.000000 1.000000
0.994400 0.054243 -0.090704 -0.429410 -0.048111 0.996492 0.068480 102.334442 0.094100 -0.063733 0.993521 0.886712 0.000000 0.000000 0.000000 1.000000
0.994366 0.054152 -0.091125 -0.434905 -0.048028 0.996522 0.068104 102.335388 0.094496 -0.063344 0.993508 0.900672 0.000000 0.000000 0.000000 1.000000
0.994330 0.054045 -0.091578 -0.439634 -0.047928 0.996552 0.067730 102.336182 0.094923 -0.062957 0.993492 0.914055 0.000000 0.000000 0.000000 1.000000
0.994299 0.053961 -0.091963 -0.444122 -0.047855 0.996581 0.067350 102.336945 0.095283 -0.062565 0.993482 0.925415 0.000000 0.000000 0.000000 1.000000
0.994277 0.053912 -0.092230 -0.449171 -0.047830 0.996610 0.066935 102.337616 0.095526 -0.062140 0.993486 0.934822 0.000000 0.000000 0.000000 1.000000
0.994262 0.053869 -0.092421 -0.454882 -0.047818 0.996641 0.066479 102.337280 0.095692 -0.061678 0.993498 0.943957 0.000000 0.000000 0.000000 1.000000
0.994247 0.053797 -0.092626 -0.459607 -0.047775 0.996672 0.066051 102.336594 0.095871 -0.061246 0.993508 0.954700 0.000000 0.000000 0.000000 1.000000
0.994228 0.053698 -0.092887 -0.461570 -0.047691 0.996697 0.065733 102.337662 0.096110 -0.060924 0.993504 0.967468 0.000000 0.000000 0.000000 1.000000
0.994204 0.053616 -0.093182 -0.461105 -0.047609 0.996714 0.065535 102.340775 0.096389 -0.060719 0.993490 0.980635 0.000000 0.000000 0.000000 1.000000
0.994179 0.053571 -0.093479 -0.460034 -0.047556 0.996723 0.065430 102.343254 0.096678 -0.060603 0.993469 0.992425 0.000000 0.000000 0.000000 1.000000
0.994155 0.053537 -0.093750 -0.459223 -0.047505 0.996725 0.065435 102.343376 0.096946 -0.060599 0.993443 1.003155 0.000000 0.000000 0.000000 1.000000
0.994139 0.053489 -0.093946 -0.458726 -0.047430 0.996719 0.065583 102.341812 0.097145 -0.060743 0.993415 1.013607 0.000000 0.000000 0.000000 1.000000
0.994132 0.053452 -0.094042 -0.458840 -0.047361 0.996705 0.065844 102.339600 0.097252 -0.061004 0.993388 1.023175 0.000000 0.000000 0.000000 1.000000
0.994127 0.053470 -0.094090 -0.459468 -0.047346 0.996685 0.066163 102.338066 0.097316 -0.061319 0.993363 1.031744 0.000000 0.000000 0.000000 1.000000
0.994116 0.053572 -0.094144 -0.460356 -0.047411 0.996659 0.066512 102.338409 0.097392 -0.061658 0.993334 1.040425 0.000000 0.000000 0.000000 1.000000
0.994102 0.053750 -0.094187 -0.462242 -0.047552 0.996628 0.066864 102.339348 0.097463 -0.061991 0.993307 1.049116 0.000000 0.000000 0.000000 1.000000
0.994093 0.053979 -0.094157 -0.465870 -0.047749 0.996596 0.067208 102.338081 0.097464 -0.062315 0.993286 1.056090 0.000000 0.000000 0.000000 1.000000
0.994087 0.054240 -0.094066 -0.469779 -0.047978 0.996558 0.067599 102.333672 0.097409 -0.062686 0.993268 1.059090 0.000000 0.000000 0.000000 1.000000
0.994077 0.054510 -0.094019 -0.470849 -0.048206 0.996515 0.068069 102.327820 0.097402 -0.063134 0.993241 1.056280 0.000000 0.000000 0.000000 1.000000
0.994064 0.054761 -0.094011 -0.468374 -0.048414 0.996475 0.068518 102.321632 0.097431 -0.063559 0.993211 1.047909 0.000000 0.000000 0.000000 1.000000
0.994068 0.054983 -0.093838 -0.466703 -0.048615 0.996441 0.068856 102.314377 0.097290 -0.063885 0.993204 1.037817 0.000000 0.000000 0.000000 1.000000
0.994096 0.055200 -0.093418 -0.469103 -0.048831 0.996411 0.069149 102.306458 0.096900 -0.064179 0.993223 1.030984 0.000000 0.000000 0.000000 1.000000
0.994126 0.055405 -0.092968 -0.472770 -0.049029 0.996375 0.069520 102.299782 0.096482 -0.064554 0.993239 1.029332 0.000000 0.000000 0.000000 1.000000
0.994144 0.055572 -0.092683 -0.474066 -0.049165 0.996332 0.070034 102.294914 0.096235 -0.065067 0.993230 1.032014 0.000000 0.000000 0.000000 1.000000
0.994150 0.055709 -0.092534 -0.472916 -0.049245 0.996279 0.070727 102.290047 0.096130 -0.065757 0.993194 1.037021 0.000000 0.000000 0.000000 1.000000
0.994157 0.055852 -0.092368 -0.471757 -0.049316 0.996214 0.071591 102.283279 0.096016 -0.066617 0.993148 1.042289 0.000000 0.000000 0.000000 1.000000
0.994176 0.056003 -0.092076 -0.472930 -0.049395 0.996141 0.072547 102.274231 0.095784 -0.067576 0.993106 1.046327 0.000000 0.000000 0.000000 1.000000
0.994207 0.056160 -0.091642 -0.477768 -0.049487 0.996065 0.073526 102.263390 0.095411 -0.068565 0.993074 1.047987 0.000000 0.000000 0.000000 1.000000
0.994246 0.056351 -0.091103 -0.486486 -0.049623 0.995986 0.074494 102.252304 0.094935 -0.069544 0.993051 1.047301 0.000000 0.000000 0.000000 1.000000
0.994288 0.056571 -0.090510 -0.498609 -0.049803 0.995912 0.075354 102.243690 0.094403 -0.070416 0.993041 1.046623 0.000000 0.000000 0.000000 1.000000
0.994335 0.056738 -0.089879 -0.513172 -0.049958 0.995858 0.075964 102.239258 0.093817 -0.071043 0.993052 1.048280 0.000000 0.000000 0.000000 1.000000
0.994391 0.056786 -0.089230 -0.528739 -0.050021 0.995829 0.076302 102.237877 0.093190 -0.071411 0.993084 1.050484 0.000000 0.000000 0.000000 1.000000
0.994446 0.056730 -0.088650 -0.543158 -0.049992 0.995818 0.076465 102.237427 0.092617 -0.071608 0.993124 1.048418 0.000000 0.000000 0.000000 1.000000
0.994491 0.056640 -0.088204 -0.555238 -0.049930 0.995818 0.076507 102.236549 0.092168 -0.071681 0.993160 1.039897 0.000000 0.000000 0.000000 1.000000
0.994530 0.056584 -0.087794 -0.566803 -0.049909 0.995824 0.076443 102.234764 0.091753 -0.071643 0.993201 1.028058 0.000000 0.000000 0.000000 1.000000
0.994571 0.056562 -0.087349 -0.579541 -0.049931 0.995833 0.076312 102.232384 0.091301 -0.071536 0.993251 1.017013 0.000000 0.000000 0.000000 1.000000
0.994603 0.056489 -0.087025 -0.590531 -0.049896 0.995846 0.076167 102.231102 0.090966 -0.071413 0.993290 1.007028 0.000000 0.000000 0.000000 1.000000
0.994619 0.056320 -0.086957 -0.596757 -0.049743 0.995863 0.076038 102.232277 0.090880 -0.071304 0.993306 0.996822 0.000000 0.000000 0.000000 1.000000
0.994623 0.056097 -0.087053 -0.599105 -0.049524 0.995884 0.075916 102.235031 0.090953 -0.071196 0.993307 0.985474 0.000000 0.000000 0.000000 1.000000
0.994626 0.055888 -0.087148 -0.600129 -0.049322 0.995906 0.075755 102.237259 0.091025 -0.071050 0.993311 0.972099 0.000000 0.000000 0.000000 1.000000
0.994631 0.055723 -0.087203 -0.600684 -0.049173 0.995930 0.075539 102.237877 0.091057 -0.070845 0.993322 0.956976 0.000000 0.000000 0.000000 1.000000
0.994630 0.055611 -0.087288 -0.599834 -0.049075 0.995951 0.075317 102.237717 0.091123 -0.070629 0.993332 0.941699 0.000000 0.000000 0.000000 1.000000
0.994620 0.055534 -0.087446 -0.597024 -0.049001 0.995966 0.075165 102.237991 0.091267 -0.070476 0.993330 0.927097 0.000000 0.000000 0.000000 1.000000
0.994607 0.055463 -0.087636 -0.593012 -0.048924 0.995977 0.075074 102.239250 0.091447 -0.070381 0.993320 0.912699 0.000000 0.000000 0.000000 1.000000
0.994597 0.055392 -0.087801 -0.588698 -0.048852 0.995989 0.074962 102.241158 0.091601 -0.070267 0.993314 0.898199 0.000000 0.000000 0.000000 1.000000
0.994587 0.055342 -0.087945 -0.583717 -0.048808 0.996004 0.074795 102.242577 0.091733 -0.070097 0.993313 0.883268 0.000000 0.000000 0.000000 1.000000
0.994573 0.055340 -0.088105 -0.576118 -0.048807 0.996015 0.074650 102.242355 0.091885 -0.069945 0.993310 0.865918 0.000000 0.000000 0.000000 1.000000
0.994558 0.055401 -0.088230 -0.564764 -0.048864 0.996016 0.074598 102.240425 0.092012 -0.069880 0.993303 0.843538 0.000000 0.000000 0.000000 1.000000
0.994554 0.055523 -0.088198 -0.551357 -0.048993 0.996013 0.074553 102.238258 0.091986 -0.069826 0.993309 0.815693 0.000000 0.000000 0.000000 1.000000
0.994566 0.055687 -0.087965 -0.538715 -0.049189 0.996015 0.074390 102.237099 0.091757 -0.069659 0.993342 0.783471 0.000000 0.000000 0.000000 1.000000
0.994581 0.055894 -0.087661 -0.526446 -0.049443 0.996023 0.074114 102.236595 0.091455 -0.069378 0.993389 0.747684 0.000000 0.000000 0.000000 1.000000
0.994580 0.056165 -0.087496 -0.511060 -0.049751 0.996029 0.073835 102.236763 0.091296 -0.069082 0.993425 0.709678 0.000000 0.000000 0.000000 1.000000
0.994554 0.056445 -0.087610 -0.488883 -0.050045 0.996031 0.073605 102.238892 0.091417 -0.068820 0.993432 0.671295 0.000000 0.000000 0.000000 1.000000
0.994507 0.056639 -0.088016 -0.459837 -0.050232 0.996038 0.073385 102.243301 0.091824 -0.068560 0.993412 0.632919 0.000000 0.000000 0.000000 1.000000
0.994453 0.056732 -0.088575 -0.428274 -0.050307 0.996051 0.073158 102.248161 0.092376 -0.068296 0.993379 0.594255 0.000000 0.000000 0.000000 1.000000
0.994404 0.056809 -0.089074 -0.398968 -0.050366 0.996061 0.072984 102.251389 0.092869 -0.068089 0.993347 0.556381 0.000000 0.000000 0.000000 1.000000
0.994366 0.056950 -0.089399 -0.373084 -0.050495 0.996062 0.072873 102.252457 0.093197 -0.067948 0.993326 0.520322 0.000000 0.000000 0.000000 1.000000
0.994337 0.057144 -0.089603 -0.348944 -0.050689 0.996063 0.072733 102.251984 0.093407 -0.067779 0.993318 0.485225 0.000000 0.000000 0.000000 1.000000
0.994311 0.057347 -0.089762 -0.325875 -0.050907 0.996071 0.072465 102.251297 0.093565 -0.067483 0.993324 0.450573 0.000000 0.000000 0.000000 1.000000
0.994286 0.057531 -0.089916 -0.303955 -0.051119 0.996089 0.072062 102.251900 0.093710 -0.067054 0.993339 0.417392 0.000000 0.000000 0.000000 1.000000
0.994259 0.057691 -0.090112 -0.282606 -0.051309 0.996113 0.071603 102.254608 0.093892 -0.066569 0.993354 0.386638 0.000000 0.000000 0.000000 1.000000
0.994226 0.057826 -0.090392 -0.261189 -0.051465 0.996134 0.071192 102.258652 0.094159 -0.066128 0.993358 0.357605 0.000000 0.000000 0.000000 1.000000
0.994185 0.057948 -0.090763 -0.239316 -0.051591 0.996150 0.070882 102.262398 0.094521 -0.065787 0.993347 0.328346 0.000000 0.000000 0.000000 1.000000
0.994138 0.058081 -0.091191 -0.217031 -0.051721 0.996161 0.070622 102.265656 0.094943 -0.065491 0.993326 0.297450 0.000000 0.000000 0.000000 1.000000
0.994088 0.058248 -0.091636 -0.194560 -0.051891 0.996176 0.070285 102.269257 0.095380 -0.065115 0.993309 0.265642 0.000000 0.000000 0.000000 1.000000
0.994036 0.058421 -0.092088 -0.171659 -0.052084 0.996202 0.069784 102.273430 0.095815 -0.064571 0.993303 0.234967 0.000000 0.000000 0.000000 1.000000
0.993985 0.058538 -0.092560 -0.147395 -0.052232 0.996238 0.069148 102.278671 0.096259 -0.063898 0.993303 0.206691 0.000000 0.000000 0.000000 1.000000
0.993937 0.058576 -0.093046 -0.121034 -0.052304 0.996281 0.068472 102.285797 0.096710 -0.063190 0.993305 0.181115 0.000000 0.000000 0.000000 1.000000
0.993894 0.058578 -0.093503 -0.092857 -0.052339 0.996323 0.067837 102.294762 0.097133 -0.062529 0.993305 0.158316 0.000000 0.000000 0.000000 1.000000
0.993856 0.058597 -0.093897 -0.064085 -0.052385 0.996356 0.067308 102.303802 0.097499 -0.061976 0.993304 0.137403 0.000000 0.000000 0.000000 1.000000
0.993822 0.058645 -0.094227 -0.035573 -0.052450 0.996378 0.066937 102.310974 0.097811 -0.061582 0.993298 0.116432 0.000000 0.000000 0.000000 1.000000
0.993792 0.058712 -0.094500 -0.007337 -0.052520 0.996388 0.066730 102.315369 0.098076 -0.061353 0.993286 0.094331 0.000000 0.000000 0.000000 1.000000
0.993768 0.058796 -0.094704 0.020607 -0.052599 0.996389 0.066653 102.317535 0.098281 -0.061257 0.993272 0.071925 0.000000 0.000000 0.000000 1.000000
0.993751 0.058910 -0.094807 0.047543 -0.052703 0.996381 0.066690 102.318466 0.098393 -0.061276 0.993259 0.050783 0.000000 0.000000 0.000000 1.000000
0.993744 0.059046 -0.094802 0.072103 -0.052826 0.996364 0.066842 102.318932 0.098404 -0.061416 0.993250 0.032426 0.000000 0.000000 0.000000 1.000000
0.993744 0.059190 -0.094702 0.093622 -0.052950 0.996340 0.067098 102.319504 0.098327 -0.061664 0.993242 0.017991 0.000000 0.000000 0.000000 1.000000
0.993755 0.059348 -0.094492 0.113188 -0.053091 0.996312 0.067413 102.320274 0.098145 -0.061976 0.993240 0.006896 0.000000 0.000000 0.000000 1.000000
0.993776 0.059539 -0.094149 0.132963 -0.053271 0.996280 0.067743 102.321297 0.097833 -0.062306 0.993251 -0.002978 0.000000 0.000000 0.000000 1.000000
0.993803 0.059738 -0.093736 0.153727 -0.053464 0.996247 0.068073 102.322945 0.097451 -0.062640 0.993267 -0.012817 0.000000 0.000000 0.000000 1.000000
0.993825 0.059894 -0.093408 0.174694 -0.053606 0.996214 0.068434 102.324829 0.097153 -0.063004 0.993273 -0.022447 0.000000 0.000000 0.000000 1.000000
0.993831 0.059994 -0.093277 0.195595 -0.053674 0.996182 0.068850 102.325417 0.097052 -0.063418 0.993257 -0.032161 0.000000 0.000000 0.000000 1.000000
0.993827 0.060051 -0.093287 0.217007 -0.053684 0.996148 0.069330 102.323845 0.097091 -0.063894 0.993222 -0.042723 0.000000 0.000000 0.000000 1.000000
0.993828 0.060067 -0.093262 0.238826 -0.053649 0.996113 0.069865 102.320801 0.097096 -0.064430 0.993187 -0.054225 0.000000 0.000000 0.000000 1.000000
0.993848 0.060067 -0.093054 0.259709 -0.053611 0.996078 0.070387 102.317245 0.096917 -0.064965 0.993170 -0.066118 0.000000 0.000000 0.000000 1.000000
0.993882 0.060112 -0.092659 0.277746 -0.053639 0.996045 0.070836 102.313797 0.096551 -0.065433 0.993175 -0.077836 0.000000 0.000000 0.000000 1.000000
0.993916 0.060236 -0.092206 0.292592 -0.053758 0.996013 0.071197 102.311386 0.096127 -0.065807 0.993191 -0.089062 0.000000 0.000000 0.000000 1.000000
0.993944 0.060385 -0.091804 0.305213 -0.053913 0.995989 0.071411 102.310402 0.095748 -0.066030 0.993213 -0.099430 0.000000 0.000000 0.000000 1.000000
0.993970 0.060486 -0.091460 0.316078 -0.054039 0.995983 0.071392 102.310081 0.095411 -0.066019 0.993246 -0.108674 0.000000 0.000000 0.000000 1.000000
0.993996 0.060554 -0.091137 0.324561 -0.054155 0.995997 0.071120 102.309746 0.095079 -0.065757 0.993296 -0.117631 0.000000 0.000000 0.000000 1.000000
0.994018 0.060657 -0.090827 0.330298 -0.054324 0.996021 0.070644 102.309509 0.094751 -0.065288 0.993358 -0.127488 0.000000 0.000000 0.000000 1.000000
0.994033 0.060813 -0.090557 0.333920 -0.054556 0.996051 0.070037 102.309280 0.094459 -0.064679 0.993425 -0.137551 0.000000 0.000000 0.000000 1.000000
0.994043 0.060986 -0.090333 0.336032 -0.054807 0.996084 0.069375 102.308693 0.094210 -0.064011 0.993492 -0.145093 0.000000 0.000000 0.000000 1.000000
0.994053 0.061147 -0.090111 0.336512 -0.055042 0.996115 0.068746 102.307625 0.093965 -0.063377 0.993556 -0.148354 0.000000 0.000000 0.000000 1.000000
0.994065 0.061317 -0.089863 0.334415 -0.055277 0.996137 0.068225 102.307098 0.093699 -0.062853 0.993615 -0.147827 0.000000 0.000000 0.000000 1.000000
0.994075 0.061509 -0.089615 0.328381 -0.055521 0.996149 0.067854 102.307129 0.093443 -0.062476 0.993662 -0.143793 0.000000 0.000000 0.000000 1.000000
0.994082 0.061693 -0.089419 0.318765 -0.055740 0.996154 0.067609 102.306595 0.093246 -0.062224 0.993697 -0.134824 0.000000 0.000000 0.000000 1.000000
0.994082 0.061804 -0.089333 0.307452 -0.055875 0.996159 0.067420 102.305145 0.093157 -0.062030 0.993717 -0.119759 0.000000 0.000000 0.000000 1.000000
0.994076 0.061834 -0.089386 0.295749 -0.055921 0.996171 0.067208 102.304359 0.093200 -0.061811 0.993727 -0.099671 0.000000 0.000000 0.000000 1.000000
0.994059 0.061841 -0.089562 0.283094 -0.055942 0.996187 0.066944 102.304924 0.093361 -0.061536 0.993729 -0.077093 0.000000 0.000000 0.000000 1.000000
