<?xml version="1.0" encoding="utf-8"?>
<COLLADA xmlns="http://www.collada.org/2005/11/COLLADASchema" version="1.4.1">
  <asset><contributor><author>Mixamo</author><authoring_tool>COLLADA Mixamo exporter</authoring_tool><comments></comments></contributor><created>2015-09-12T17:58:46Z</created><modified>2015-09-12T17:58:46Z</modified><revision></revision><title></title><unit meter="0.010000"/><up_axis>Y_UP</up_axis></asset>
  <library_animations>
    <animation id="mixamorig_Hips-anim" name="mixamorig_Hips"><source id="mixamorig_Hips-Matrix-animation-input"><float_array id="mixamorig_Hips-Matrix-animation-input-array" count="66">

0.000000 0.033333 0.066667 0.100000 0.133333 0.166667 0.200000 0.233333 0.266667 0.300000 0.333333 0.366667 0.400000 0.433333 0.466667 0.500000
0.533333 0.566667 0.600000 0.633333 0.666667 0.700000 0.733333 0.766667 0.800000 0.833333 0.866667 0.900000 0.933333 0.966667 1.000000 1.033333
1.066667 1.100000 1.133333 1.166667 1.200000 1.233333 1.266667 1.300000 1.333333 1.366667 1.400000 1.433333 1.466667 1.500000 1.533333 1.566667
1.600000 1.633333 1.666667 1.700000 1.733333 1.766667 1.800000 1.833333 1.866667 1.900000 1.933333 1.966667 2.000000 2.033333 2.066667 2.100000
2.133333 2.166667</float_array><technique_common><accessor source="#mixamorig_Hips-Matrix-animation-input-array" count="66"><param name="TIME" type="float"/></accessor></technique_common></source><source id="mixamorig_Hips-Matrix-animation-output-transform"><float_array id="mixamorig_Hips-Matrix-animation-output-transform-array" count="1056">

0.993889 0.062456 -0.091017 0.151931 -0.056636 0.996265 0.065185 102.302238 0.094748 -0.059632 0.993714 0.093542 0.000000 0.000000 0.000000 1.000000
0.992810 0.061030 -0.102977 0.354341 -0.055512 0.996907 0.055632 102.299431 0.106053 -0.049516 0.993127 0.036401 0.000000 0.000000 0.000000 1.000000
0.991208 0.059015 -0.118421 0.649253 -0.054171 0.997574 0.043714 102.331398 0.120714 -0.036915 0.992001 -0.042111 0.000000 0.000000 0.000000 1.000000
0.988894 0.055895 -0.137710 1.037334 -0.052483 0.998221 0.028292 102.370758 0.139046 -0.020750 0.990068 -0.164407 0.000000 0.000000 0.000000 1.000000
0.985484 0.051319 -0.161827 1.511680 -0.050775 0.998682 0.007495 102.373764 0.161999 0.000831 0.986791 -0.368830 0.000000 0.000000 0.000000 1.000000
0.980350 0.044297 -0.192227 2.080479 -0.049261 0.998563 -0.021118 102.267143 0.191015 0.030173 0.981123 -0.712557 0.000000 0.000000 0.000000 1.000000
0.972715 0.033055 -0.229638 2.766127 -0.047927 0.997078 -0.059486 101.932877 0.227001 0.068868 0.971457 -1.252092 0.000000 0.000000 0.000000 1.000000
0.962073 0.016122 -0.272317 3.562668 -0.047110 0.993073 -0.107644 101.203827 0.268695 0.116390 0.956168 -2.014991 0.000000 0.000000 0.000000 1.000000
0.948818 -0.005269 -0.315780 4.410360 -0.048891 0.985357 -0.163342 99.913223 0.312017 0.170420 0.934667 -2.996452 0.000000 0.000000 0.000000 1.000000
0.934532 -0.026762 -0.354872 5.231324 -0.056889 0.973112 -0.223197 97.939224 0.351303 0.228773 0.907882 -4.172152 0.000000 0.000000 0.000000 1.000000
0.921598 -0.043849 -0.385661 5.987890 -0.073495 0.955910 -0.284313 95.234512 0.381124 0.290366 0.877742 -5.478623 0.000000 0.000000 0.000000 1.000000
0.912561 -0.055061 -0.405217 6.697861 -0.096823 0.933628 -0.344912 91.894417 0.397313 0.353988 0.846661 -6.781470 0.000000 0.000000 0.000000 1.000000
0.909477 -0.062390 -0.411047 7.397247 -0.120143 0.907056 -0.403503 88.200134 0.398017 0.416361 0.817451 -7.912715 0.000000 0.000000 0.000000 1.000000
0.912617 -0.068294 -0.403070 8.091929 -0.136104 0.878948 -0.457085 84.523361 0.385494 0.472003 0.792848 -8.758761 0.000000 0.000000 0.000000 1.000000
0.919414 -0.073382 -0.386384 8.748647 -0.142031 0.854186 -0.500194 81.166725 0.366749 0.514764 0.774928 -9.274729 0.000000 0.000000 0.000000 1.000000
0.925641 -0.077456 -0.370391 9.298830 -0.140311 0.838793 -0.526060 78.449944 0.351428 0.538913 0.765553 -9.390237 0.000000 0.000000 0.000000 1.000000
0.927972 -0.081938 -0.363530 9.715208 -0.132701 0.838918 -0.527832 76.921501 0.348221 0.538054 0.767620 -9.084999 0.000000 0.000000 0.000000 1.000000
0.924063 -0.090523 -0.371366 10.092094 -0.117450 0.857310 -0.501224 77.027336 0.363748 0.506779 0.781577 -8.450582 0.000000 0.000000 0.000000 1.000000
0.911685 -0.107664 -0.396534 10.444476 -0.090409 0.888848 -0.449195 78.621262 0.400820 0.445374 0.800615 -7.491117 0.000000 0.000000 0.000000 1.000000
0.892177 -0.133368 -0.431548 10.674656 -0.046243 0.923425 -0.380982 81.337234 0.449313 0.359859 0.817692 -6.155531 0.000000 0.000000 0.000000 1.000000
0.874779 -0.156678 -0.458491 10.561875 0.010810 0.952349 -0.304818 85.130905 0.484402 0.261692 0.834789 -4.638725 0.000000 0.000000 0.000000 1.000000
0.875962 -0.161786 -0.454439 9.916380 0.062499 0.972202 -0.225646 90.190804 0.478314 0.169256 0.861724 -3.348353 0.000000 0.000000 0.000000 1.000000
0.905893 -0.141276 -0.399247 8.748009 0.087722 0.984869 -0.149459 96.450676 0.414321 0.100372 0.904579 -2.468410 0.000000 0.000000 0.000000 1.000000
0.952938 -0.110939 -0.282138 7.067307 0.089354 0.992079 -0.088295 103.272964 0.289699 0.058929 0.955302 -1.923583 0.000000 0.000000 0.000000 1.000000
0.988652 -0.091117 -0.119435 5.154869 0.084453 0.994636 -0.059726 109.610069 0.124236 0.048962 0.991044 -1.758194 0.000000 0.000000 0.000000 1.000000
0.995570 -0.083650 0.042939 3.609716 0.086607 0.993609 -0.072388 114.492424 -0.036609 0.075786 0.996452 -2.290574 0.000000 0.000000 0.000000 1.000000
0.989187 -0.036037 0.142164 3.240580 0.052727 0.991913 -0.115445 119.468834 -0.136854 0.121693 0.983088 -3.704218 0.000000 0.000000 0.000000 1.000000
0.985628 0.010912 0.168575 3.501944 0.017667 0.985781 -0.167104 123.094505 -0.168002 0.167680 0.971421 -5.509208 0.000000 0.000000 0.000000 1.000000
0.986959 0.046266 0.154182 3.853771 -0.012571 0.977034 -0.212711 125.139236 -0.160482 0.207999 0.964874 -6.885060 0.000000 0.000000 0.000000 1.000000
0.988757 0.071272 0.131451 4.102027 -0.036311 0.967229 -0.251295 126.836510 -0.145054 0.243697 0.958943 -7.917453 0.000000 0.000000 0.000000 1.000000
0.989836 0.085193 0.113869 4.225471 -0.049624 0.957287 -0.284848 128.340714 -0.133272 0.276302 0.951785 -8.900108 0.000000 0.000000 0.000000 1.000000
0.991159 0.091933 0.095671 4.338845 -0.058602 0.950230 -0.305987 129.076965 -0.119040 0.297675 0.947217 -9.462101 0.000000 0.000000 0.000000 1.000000
0.992905 0.095739 0.070528 4.547818 -0.069984 0.949993 -0.304328 128.444458 -0.096137 0.297233 0.949953 -9.193346 0.000000 0.000000 0.000000 1.000000
0.994480 0.098118 0.037172 4.908435 -0.083868 0.956239 -0.280309 126.569809 -0.063048 0.275644 0.959190 -8.222082 0.000000 0.000000 0.000000 1.000000
0.995022 0.099640 0.001556 5.527896 -0.096184 0.964365 -0.246474 124.112717 -0.026059 0.245097 0.969148 -6.979136 0.000000 0.000000 0.000000 1.000000
0.994474 0.101449 -0.027014 6.455516 -0.104882 0.971408 -0.212994 121.468170 0.004634 0.214650 0.976680 -5.481526 0.000000 0.000000 0.000000 1.000000
0.993517 0.105894 -0.041355 7.509139 -0.111580 0.977976 -0.176390 118.181503 0.021765 0.179861 0.983451 -3.197556 0.000000 0.000000 0.000000 1.000000
0.992797 0.115399 -0.032200 8.252131 -0.118634 0.984421 -0.129774 113.455513 0.016722 0.132659 0.991021 -0.157163 0.000000 0.000000 0.000000 1.000000
0.991774 0.127378 0.012635 8.151372 -0.125905 0.988553 -0.083135 107.475510 -0.023080 0.080860 0.996458 2.615865 0.000000 0.000000 0.000000 1.000000
0.985346 0.141884 0.094670 6.914302 -0.136517 0.988759 -0.060980 101.205971 -0.102258 0.047162 0.993639 4.141237 0.000000 0.000000 0.000000 1.000000
0.966085 0.169298 0.194983 4.881475 -0.156974 0.984587 -0.077123 95.252090 -0.205035 0.043900 0.977770 4.193309 0.000000 0.000000 0.000000 1.000000
0.940766 0.202408 0.272010 3.060594 -0.176170 0.977272 -0.117913 90.263260 -0.289695 0.063009 0.955043 3.308477 0.000000 0.000000 0.000000 1.000000
0.929877 0.219059 0.295537 2.000853 -0.179290 0.971368 -0.155886 87.423325 -0.321223 0.091968 0.942527 1.986580 0.000000 0.000000 0.000000 1.000000
0.936265 0.211938 0.280161 1.382297 -0.167234 0.970244 -0.175100 86.745773 -0.308934 0.117088 0.943848 0.494014 0.000000 0.000000 0.000000 1.000000
0.944038 0.197274 0.264339 0.875952 -0.153023 0.971907 -0.178834 87.543365 -0.292192 0.128376 0.947704 -0.824501 0.000000 0.000000 0.000000 1.000000
0.944803 0.189687 0.267145 0.446907 -0.144599 0.973068 -0.179528 89.299614 -0.294004 0.130990 0.946786 -1.875379 0.000000 0.000000 0.000000 1.000000
0.944592 0.185567 0.270760 0.225389 -0.138881 0.973335 -0.182569 91.545135 -0.297419 0.134850 0.945176 -2.723686 0.000000 0.000000 0.000000 1.000000
0.952826 0.175153 0.247880 0.321791 -0.131526 0.974299 -0.182870 93.948792 -0.273539 0.141641 0.951375 -3.364467 0.000000 0.000000 0.000000 1.000000
0.967737 0.156059 0.197815 0.641590 -0.122418 0.977423 -0.172215 96.215714 -0.220225 0.142443 0.964993 -3.702110 0.000000 0.000000 0.000000 1.000000
0.979737 0.135867 0.147155 0.933978 -0.113864 0.982283 -0.148844 98.020615 -0.164771 0.129072 0.977850 -3.712724 0.000000 0.000000 0.000000 1.000000
0.985541 0.121480 0.118121 1.041561 -0.107359 0.987031 -0.119349 99.200691 -0.131087 0.104942 0.985801 -3.568883 0.000000 0.000000 0.000000 1.000000
0.987879 0.112425 0.107033 1.032963 -0.102880 0.990533 -0.090885 99.847992 -0.116237 0.078772 0.990093 -3.439893 0.000000 0.000000 0.000000 1.000000
0.989859 0.105644 0.094962 1.056809 -0.099680 0.992861 -0.065505 100.200729 -0.101204 0.055375 0.993323 -3.337443 0.000000 0.000000 0.000000 1.000000
0.992632 0.098815 0.070120 1.134251 -0.096041 0.994495 -0.041894 100.457626 -0.073874 0.034851 0.996658 -3.191291 0.000000 0.000000 0.000000 1.000000
0.995119 0.091593 0.036723 1.182424 -0.090925 0.995668 -0.019453 100.680344 -0.038346 0.016019 0.999136 -2.969400 0.000000 0.000000 0.000000 1.000000
0.996344 0.085235 0.005843 1.167150 -0.085241 0.996360 0.000805 100.871735 -0.005753 -0.001300 0.999983 -2.705175 0.000000 0.000000 0.000000 1.000000
0.996594 0.080656 -0.017190 1.129108 -0.080349 0.996607 0.017870 101.072479 0.018573 -0.016428 0.999693 -2.431009 0.000000 0.000000 0.000000 1.000000
0.996380 0.077463 -0.035008 1.096636 -0.076373 0.996582 0.031478 101.336166 0.037327 -0.028691 0.998891 -2.133275 0.000000 0.000000 0.000000 1.000000
0.995879 0.074531 -0.051682 1.054682 -0.072414 0.996503 0.041698 101.652687 0.054609 -0.037784 0.997793 -1.791306 0.000000 0.000000 0.000000 1.000000
0.995173 0.071125 -0.067617 0.989596 -0.067901 0.996496 0.048835 101.945724 0.070853 -0.044008 0.996515 -1.424776 0.000000 0.000000 0.000000 1.000000
0.994448 0.067536 -0.080695 0.911707 -0.063322 0.996548 0.053692 102.145760 0.084043 -0.048284 0.995292 -1.080568 0.000000 0.000000 0.000000 1.000000
0.993872 0.064683 -0.089636 0.826584 -0.059696 0.996573 0.057254 102.244072 0.093032 -0.051552 0.994328 -0.786189 0.000000 0.000000 0.000000 1.000000
0.993504 0.063105 -0.094693 0.715317 -0.057573 0.996533 0.060063 102.276192 0.098155 -0.054221 0.993693 -0.534705 0.000000 0.000000 0.000000 1.000000
0.993377 0.062584 -0.096365 0.558464 -0.056744 0.996449 0.062198 102.283226 0.099916 -0.056318 0.993401 -0.308151 0.000000 0.000000 0.000000 1.000000
0.993520 0.062501 -0.094934 0.362360 -0.056584 0.996358 0.063789 102.288994 0.098575 -0.058004 0.993438 -0.098458 0.000000 0.000000 0.000000 1.000000
0.993889 0.062457 -0.091017 0.151929 -0.056636 0.996265 0.065185 102.302238 0.094748 -0.059632 0.993714 0.093542 0.000000 0.000000 0.000000 1.000000</float_array><technique_common><accessor source="#mixamorig_Hips-Matrix-animation-output-transform-array" count="66" stride="16"><param type="float4x4"/></accessor></technique_common></source><source id="mixamorig_Hips-Interpolations"><Name_array id="mixamorig_Hips-Interpolations-array" count="66">
 LINEAR LINEAR LINEAR LINEAR LINEAR LINEAR LINEAR LINEAR LINEAR LINEAR LINEAR
LINEAR LINEAR LINEAR LINEAR LINEAR LINEAR LINEAR LINEAR LINEAR LINEAR LINEAR LINEAR
LINEAR LINEAR LINEAR LINEAR LINEAR LINEAR LINEAR LINEAR LINEAR LINEAR LINEAR LINEAR
LINEAR LINEAR LINEAR LINEAR LINEAR LINEAR LINEAR LINEAR LINEAR LINEAR LINEAR LINEAR
LINEAR LINEAR LINEAR LINEAR LINEAR LINEAR LINEAR LINEAR LINEAR LINEAR LINEAR LINEAR
LINEAR LINEAR LINEAR LINEAR LINEAR LINEAR LINEAR</Name_array><technique_common><accessor source="#mixamorig_Hips-Interpolations-array" count="66"><param type="name"/></accessor></technique_common></source><sampler id="mixamorig_Hips-Matrix-animation-transform"><input semantic="INPUT" source="#mixamorig_Hips-Matrix-animation-input"/><input semantic="OUTPUT" source="#mixamorig_Hips-Matrix-animation-output-transform"/><input semantic="INTERPOLATION" source="#mixamorig_Hips-Interpolations"/></sampler><channel source="#mixamorig_Hips-Matrix-animation-transform" target="mixamorig_Hips/matrix"/></animation>
    <animation id="mixamorig_Spine-anim" name="mixamorig_Spine"><source id="mixamorig_Spine-Matrix-animation-input"><float_array id="mixamorig_Spine-Matrix-animation-input-array" count="66">

0.000000 0.033333 0.066667 0.100000 0.133333 0.166667 0.200000 0.233333 0.266667 0.300000 0.333333 0.366667 0.400000 0.433333 0.466667 0.500000
0.533333 0.566667 0.600000 0.633333 0.666667 0.700000 0.733333 0.766667 0.800000 0.833333 0.866667 0.900000 0.933333 0.966667 1.000000 1.033333
1.066667 1.100000 1.133333 1.166667 1.200000 1.233333 1.266667 1.300000 1.333333 1.366667 1.400000 1.433333 1.466667 1.500000 1.533333 1.566667
1.600000 1.633333 1.666667 1.700000 1.733333 1.766667 1.800000 1.833333 1.866667 1.900000 1.933333 1.966667 2.000000 2.033333 2.066667 2.100000
2.133333 2.166667</float_array><technique_common><accessor source="#mixamorig_Spine-Matrix-animation-input-array" count="66"><param name="TIME" type="float"/></accessor></technique_common></source><source id="mixamorig_Spine-Matrix-animation-output-transform"><float_array id="mixamorig_Spine-Matrix-animation-output-transform-array" count="1056">

0.998647 -0.048105 0.019767 0.003800 0.046042 0.994495 0.094128 9.469100 -0.024186 -0.093090 0.995364 -0.797400 0.000000 0.000000 0.000000 1.000000
0.998487 -0.049783 0.023340 0.003800 0.047410 0.994529 0.093079 9.469100 -0.027846 -0.091831 0.995385 -0.797400 0.000000 0.000000 0.000000 1.000000
0.998352 -0.051535 0.025235 0.003800 0.049051 0.994667 0.090729 9.469100 -0.029776 -0.089341 0.995556 -0.797400 0.000000 0.000000 0.000000 1.000000
0.998290 -0.052911 0.024863 0.003800 0.050558 0.994899 0.087293 9.469100 -0.029355 -0.085887 0.995872 -0.797400 0.000000 0.000000 0.000000 1.000000
0.998315 -0.053485 0.022488 0.003800 0.051440 0.995191 0.083363 9.469100 -0.026838 -0.082066 0.996265 -0.797400 0.000000 0.000000 0.000000 1.000000
0.998443 -0.052336 0.019294 0.003800 0.050647 0.995544 0.079537 9.469100 -0.023371 -0.078436 0.996645 -0.797400 0.000000 0.000000 0.000000 1.000000
0.998719 -0.047946 0.016190 0.003800 0.046592 0.996048 0.075621 9.469100 -0.019751 -0.074769 0.997005 -0.797400 0.000000 0.000000 0.000000 1.000000
0.999161 -0.038998 0.012484 0.003800 0.038029 0.996810 0.070161 9.469100 -0.015181 -0.069628 0.997458 -0.797400 0.000000 0.000000 0.000000 1.000000
0.999642 -0.026176 0.005558 0.003800 0.025789 0.997810 0.060916 9.469100 -0.007141 -0.060751 0.998127 -0.797400 0.000000 0.000000 0.000000 1.000000
0.999885 -0.013055 -0.007688 0.003800 0.013396 0.998842 0.046215 9.469100 0.007075 -0.046313 0.998902 -0.797400 0.000000 0.000000 0.000000 1.000000
0.999598 -0.004440 -0.027987 0.003800 0.005180 0.999637 0.026428 9.469100 0.027859 -0.026563 0.999259 -0.797400 0.000000 0.000000 0.000000 1.000000
0.998668 -0.003366 -0.051489 0.003800 0.003605 0.999983 0.004550 9.469100 0.051473 -0.004729 0.998663 -0.797400 0.000000 0.000000 0.000000 1.000000
0.997437 -0.009029 -0.070975 0.003800 0.007994 0.999858 -0.014851 9.469100 0.071099 0.014245 0.997368 -0.797400 0.000000 0.000000 0.000000 1.000000
0.996566 -0.017473 -0.080932 0.003800 0.015233 0.999486 -0.028205 9.469100 0.081383 0.026875 0.996320 -0.797400 0.000000 0.000000 0.000000 1.000000
0.996325 -0.024921 -0.081946 0.003800 0.022103 0.999139 -0.035121 9.469100 0.082751 0.033181 0.996018 -0.797400 0.000000 0.000000 0.000000 1.000000
0.996362 -0.030620 -0.079526 0.003800 0.027696 0.998909 -0.037610 9.469100 0.080591 0.035271 0.996123 -0.797400 0.000000 0.000000 0.000000 1.000000
0.996269 -0.036481 -0.078215 0.003800 0.033668 0.998748 -0.036989 9.469100 0.079467 0.034217 0.996250 -0.797400 0.000000 0.000000 0.000000 1.000000
0.996079 -0.043329 -0.077130 0.003800 0.040936 0.998638 -0.032339 9.469100 0.078427 0.029055 0.996496 -0.797400 0.000000 0.000000 0.000000 1.000000
0.996394 -0.048120 -0.069876 0.003800 0.046679 0.998665 -0.022120 9.469100 0.070847 0.018779 0.997310 -0.797400 0.000000 0.000000 0.000000 1.000000
0.997759 -0.045421 -0.049141 0.003800 0.045163 0.998959 -0.006347 9.469100 0.049378 0.004113 0.998772 -0.797400 0.000000 0.000000 0.000000 1.000000
0.999300 -0.035278 -0.012475 0.003800 0.035431 0.999297 0.012255 9.469100 0.012034 -0.012689 0.999847 -0.797400 0.000000 0.000000 0.000000 1.000000
0.999287 -0.022179 0.030547 0.003800 0.021284 0.999344 0.029309 9.469100 -0.031177 -0.028638 0.999104 -0.797400 0.000000 0.000000 0.000000 1.000000
0.998116 -0.006068 0.061058 0.003800 0.003534 0.999131 0.041530 9.469100 -0.061257 -0.041236 0.997270 -0.797400 0.000000 0.000000 0.000000 1.000000
0.997776 0.023062 0.062540 0.003800 -0.026052 0.998535 0.047419 9.469100 -0.061355 -0.048943 0.996915 -0.797400 0.000000 0.000000 0.000000 1.000000
0.997097 0.067926 0.034404 0.003800 -0.069436 0.996581 0.044772 9.469100 -0.031245 -0.047031 0.998405 -0.797400 0.000000 0.000000 0.000000 1.000000
0.993967 0.109448 -0.007179 0.003800 -0.109187 0.993568 0.030019 9.469100 0.010418 -0.029054 0.999524 -0.797400 0.000000 0.000000 0.000000 1.000000
0.992129 0.118231 -0.041258 0.003800 -0.118278 0.992980 0.001309 9.469100 0.041124 0.003581 0.999148 -0.797400 0.000000 0.000000 0.000000 1.000000
0.993373 0.097762 -0.060434 0.003800 -0.100113 0.994282 -0.037170 9.469100 0.056454 0.042974 0.997480 -0.797400 0.000000 0.000000 0.000000 1.000000
0.995327 0.068935 -0.067611 0.003800 -0.073885 0.994542 -0.073668 9.469100 0.062164 0.078319 0.994988 -0.797400 0.000000 0.000000 0.000000 1.000000
0.996881 0.046086 -0.064063 0.003800 -0.052106 0.994043 -0.095722 9.469100 0.059270 0.098762 0.993344 -0.797400 0.000000 0.000000 0.000000 1.000000
0.998392 0.030875 -0.047547 0.003800 -0.035481 0.994425 -0.099295 9.469100 0.044216 0.100822 0.993921 -0.797400 0.000000 0.000000 0.000000 1.000000
0.999652 0.018846 -0.018481 0.003800 -0.020445 0.995682 -0.090553 9.469100 0.016695 0.090899 0.995720 -0.797400 0.000000 0.000000 0.000000 1.000000
0.999860 0.006423 0.015425 0.003800 -0.005185 0.996858 -0.079044 9.469100 -0.015884 0.078953 0.996752 -0.797400 0.000000 0.000000 0.000000 1.000000
0.998913 -0.009172 0.045708 0.003800 0.012313 0.997547 -0.068909 9.469100 -0.044964 0.069397 0.996575 -0.797400 0.000000 0.000000 0.000000 1.000000
0.997387 -0.029142 0.066104 0.003800 0.032924 0.997839 -0.056861 9.469100 -0.064304 0.058889 0.996191 -0.797400 0.000000 0.000000 0.000000 1.000000
0.995560 -0.053932 0.077147 0.003800 0.057013 0.997638 -0.038312 9.469100 -0.074899 0.042540 0.996283 -0.797400 0.000000 0.000000 0.000000 1.000000
0.993309 -0.078828 0.084405 0.003800 0.080273 0.996676 -0.013868 9.469100 -0.083031 0.020551 0.996335 -0.797400 0.000000 0.000000 0.000000 1.000000
0.991601 -0.091915 0.090987 0.003800 0.091345 0.995765 0.010417 9.469100 -0.091559 -0.002018 0.995798 -0.797400 0.000000 0.000000 0.000000 1.000000
0.991977 -0.085405 0.093202 0.003800 0.083115 0.996141 0.028186 9.469100 -0.095250 -0.020213 0.995248 -0.797400 0.000000 0.000000 0.000000 1.000000
0.994098 -0.066455 0.085753 0.003800 0.063521 0.997312 0.036510 9.469100 -0.087949 -0.030847 0.995647 -0.797400 0.000000 0.000000 0.000000 1.000000
0.996013 -0.050849 0.073291 0.003800 0.048292 0.998175 0.036249 9.469100 -0.075000 -0.032565 0.996652 -0.797400 0.000000 0.000000 0.000000 1.000000
0.996670 -0.042868 0.069364 0.003800 0.040798 0.998687 0.030987 9.469100 -0.070601 -0.028054 0.997110 -0.797400 0.000000 0.000000 0.000000 1.000000
0.996010 -0.038947 0.080292 0.003800 0.037026 0.998995 0.025275 9.469100 -0.081196 -0.022201 0.996451 -0.797400 0.000000 0.000000 0.000000 1.000000
0.994781 -0.033935 0.096227 0.003800 0.031961 0.999247 0.021981 9.469100 -0.096900 -0.018791 0.995117 -0.797400 0.000000 0.000000 0.000000 1.000000
0.994423 -0.030830 0.100862 0.003800 0.028726 0.999340 0.022240 9.469100 -0.101481 -0.019218 0.994652 -0.797400 0.000000 0.000000 0.000000 1.000000
0.995365 -0.034420 0.089795 0.003800 0.032183 0.999138 0.026233 9.469100 -0.090620 -0.023222 0.995615 -0.797400 0.000000 0.000000 0.000000 1.000000
0.996321 -0.041340 0.075065 0.003800 0.038923 0.998684 0.033383 9.469100 -0.076346 -0.030338 0.996620 -0.797400 0.000000 0.000000 0.000000 1.000000
0.996460 -0.045118 0.070937 0.003800 0.042164 0.998202 0.042602 9.469100 -0.072731 -0.039460 0.996571 -0.797400 0.000000 0.000000 0.000000 1.000000
0.995956 -0.044111 0.078273 0.003800 0.040051 0.997807 0.052705 9.469100 -0.080427 -0.049357 0.995538 -0.797400 0.000000 0.000000 0.000000 1.000000
0.995472 -0.041402 0.085563 0.003800 0.036081 0.997372 0.062819 9.469100 -0.087939 -0.059448 0.994350 -0.797400 0.000000 0.000000 0.000000 1.000000
0.995764 -0.039798 0.082889 0.003800 0.033818 0.996807 0.072339 9.469100 -0.085503 -0.069230 0.993930 -0.797400 0.000000 0.000000 0.000000 1.000000
0.996636 -0.040111 0.071475 0.003800 0.034331 0.996177 0.080332 9.469100 -0.074424 -0.077608 0.994202 -0.797400 0.000000 0.000000 0.000000 1.000000
0.997299 -0.042389 0.059977 0.003800 0.037184 0.995655 0.085373 9.469100 -0.063335 -0.082912 0.994542 -0.797400 0.000000 0.000000 0.000000 1.000000
0.997448 -0.046160 0.054459 0.003800 0.041334 0.995382 0.086639 9.469100 -0.058207 -0.084167 0.994750 -0.797400 0.000000 0.000000 0.000000 1.000000
0.997308 -0.050050 0.053592 0.003800 0.045387 0.995351 0.084945 9.469100 -0.057594 -0.082284 0.994943 -0.797400 0.000000 0.000000 0.000000 1.000000
0.997238 -0.052654 0.052389 0.003800 0.048241 0.995448 0.082201 9.469100 -0.056479 -0.079447 0.995238 -0.797400 0.000000 0.000000 0.000000 1.000000
0.997390 -0.053689 0.048268 0.003800 0.049712 0.995544 0.080124 9.469100 -0.052354 -0.077516 0.995616 -0.797400 0.000000 0.000000 0.000000 1.000000
0.997643 -0.053749 0.042663 0.003800 0.050226 0.995550 0.079738 9.469100 -0.046759 -0.077407 0.995902 -0.797400 0.000000 0.000000 0.000000 1.000000
0.997849 -0.053333 0.038124 0.003800 0.050090 0.995415 0.081488 9.469100 -0.042295 -0.079403 0.995945 -0.797400 0.000000 0.000000 0.000000 1.000000
0.997986 -0.052587 0.035466 0.003800 0.049416 0.995153 0.085019 9.469100 -0.039765 -0.083095 0.995748 -0.797400 0.000000 0.000000 0.000000 1.000000
0.998092 -0.051689 0.033763 0.003800 0.048512 0.994853 0.088963 9.469100 -0.038188 -0.087155 0.995463 -0.797400 0.000000 0.000000 0.000000 1.000000
0.998189 -0.051018 0.031864 0.003800 0.047909 0.994634 0.091690 9.469100 -0.036371 -0.089997 0.995278 -0.797400 0.000000 0.000000 0.000000 1.000000
0.998286 -0.050668 0.029282 0.003800 0.047762 0.994555 0.092627 9.469100 -0.033815 -0.091070 0.995270 -0.797400 0.000000 0.000000 0.000000 1.000000
0.998393 -0.050285 0.026130 0.003800 0.047668 0.994560 0.092622 9.469100 -0.030645 -0.091227 0.995358 -0.797400 0.000000 0.000000 0.000000 1.000000
0.998516 -0.049449 0.022816 0.003800 0.047130 0.994559 0.092906 9.469100 -0.027285 -0.091692 0.995413 -0.797400 0.000000 0.000000 0.000000 1.000000
0.998647 -0.048105 0.019767 0.003800 0.046042 0.994495 0.094128 9.469100 -0.024186 -0.093090 0.995364 -0.797400 0.000000 0.000000 0.000000 1.000000</float_array><technique_common><accessor source="#mixamorig_Spine-Matrix-animation-output-transform-array" count="66" stride="16"><param type="float4x4"/></accessor></technique_common></source><source id="mixamorig_Spine-Interpolations"><Name_array id="mixamorig_Spine-Interpolations-array" count="66">
 LINEAR LINEAR LINEAR LINEAR LINEAR LINEAR LINEAR LINEAR LINEAR LINEAR LINEAR
LINEAR LINEAR LINEAR LINEAR LINEAR LINEAR LINEAR LINEAR LINEAR LINEAR LINEAR LINEAR
LINEAR LINEAR LINEAR LINEAR LINEAR LINEAR LINEAR LINEAR LINEAR LINEAR LINEAR LINEAR
LINEAR LINEAR LINEAR LINEAR LINEAR LINEAR LINEAR LINEAR LINEAR LINEAR LINEAR LINEAR
LINEAR LINEAR LINEAR LINEAR LINEAR LINEAR LINEAR LINEAR LINEAR LINEAR LINEAR LINEAR
LINEAR LINEAR LINEAR LINEAR LINEAR LINEAR LINEAR</Name_array><technique_common><accessor source="#mixamorig_Spine-Interpolations-array" count="66"><param type="name"/></accessor></technique_common></source><sampler id="mixamorig_Spine-Matrix-animation-transform"><input semantic="INPUT" source="#mixamorig_Spine-Matrix-animation-input"/><input semantic="OUTPUT" source="#mixamorig_Spine-Matrix-animation-output-transform"/><input semantic="INTERPOLATION" source="#mixamorig_Spine-Interpolations"/></sampler><channel source="#mixamorig_Spine-Matrix-animation-transform" target="mixamorig_Spine/matrix"/></animation>
    <animation id="mixamorig_Spine1-anim" name="mixamorig_Spine1"><source id="mixamorig_Spine1-Matrix-animation-input"><float_array id="mixamorig_Spine1-Matrix-animation-input-array" count="66">

0.000000 0.033333 0.066667 0.100000 0.133333 0.166667 0.200000 0.233333 0.266667 0.300000 0.333333 0.366667 0.400000 0.433333 0.466667 0.500000
0.533333 0.566667 0.600000 0.633333 0.666667 0.700000 0.733333 0.766667 0.800000 0.833333 0.866667 0.900000 0.933333 0.966667 1.000000 1.033333
1.066667 1.100000 1.133333 1.166667 1.200000 1.233333 1.266667 1.300000 1.333333 1.366667 1.400000 1.433333 1.466667 1.500000 1.533333 1.566667
1.600000 1.633333 1.666667 1.700000 1.733333 1.766667 1.800000 1.833333 1.866667 1.900000 1.933333 1.966667 2.000000 2.033333 2.066667 2.100000
2.133333 2.166667</float_array><technique_common><accessor source="#mixamorig_Spine1-Matrix-animation-input-array" count="66"><param name="TIME" type="float"/></accessor></technique_common></source><source id="mixamorig_Spine1-Matrix-animation-output-transform"><float_array id="mixamorig_Spine1-Matrix-animation-output-transform-array" count="1056">

0.999608 -0.027980 0.000800 0.000000 0.027966 0.999510 0.014067 10.885900 -0.001193 -0.014039 0.999901 0.000000 0.000000 0.000000 0.000000 1.000000
0.999591 -0.028547 0.001850 -0.000000 0.028520 0.999501 0.013582 10.885900 -0.002237 -0.013524 0.999906 0.000000 0.000000 0.000000 0.000000 1.000000
0.999575 -0.029085 0.002150 -0.000000 0.029056 0.999498 0.012628 10.885900 -0.002516 -0.012560 0.999918 -0.000000 0.000000 0.000000 0.000000 1.000000
0.999563 -0.029522 0.001485 0.000000 0.029504 0.999501 0.011250 10.885900 -0.001816 -0.011201 0.999936 -0.000000 0.000000 0.000000 0.000000 1.000000
0.999557 -0.029761 -0.000029 0.000000 0.029760 0.999511 0.009595 10.885900 -0.000256 -0.009591 0.999954 -0.000000 0.000000 0.000000 0.000000 1.000000
0.999561 -0.029563 -0.001941 0.000000 0.029577 0.999532 0.007795 10.885900 0.001709 -0.007849 0.999968 0.000000 0.000000 0.000000 0.000000 1.000000
0.999586 -0.028499 -0.003874 0.000000 0.028521 0.999577 0.005740 10.885900 0.003709 -0.005848 0.999976 -0.000000 0.000000 0.000000 0.000000 1.000000
0.999639 -0.026199 -0.005958 0.000000 0.026217 0.999652 0.002968 10.885900 0.005878 -0.003123 0.999978 0.000000 0.000000 0.000000 0.000000 1.000000
0.999701 -0.022766 -0.008969 0.000000 0.022756 0.999740 -0.001194 10.885900 0.008993 0.000989 0.999959 0.000000 0.000000 0.000000 0.000000 1.000000
0.999725 -0.018937 -0.013850 -0.000000 0.018839 0.999797 -0.007202 10.885900 0.013984 0.006939 0.999878 -0.000000 0.000000 0.000000 0.000000 1.000000
0.999666 -0.015795 -0.020441 -0.000000 0.015494 0.999770 -0.014810 10.885900 0.020670 0.014488 0.999681 0.000000 0.000000 0.000000 0.000000 1.000000
0.999555 -0.014192 -0.026241 0.000000 0.013592 0.999645 -0.022894 10.885900 0.026556 0.022527 0.999393 -0.000000 0.000000 0.000000 0.000000 1.000000
0.999525 -0.014178 -0.027378 0.000000 0.013358 0.999463 -0.029908 10.885900 0.027787 0.029528 0.999178 0.000000 0.000000 0.000000 0.000000 1.000000
0.999638 -0.014868 -0.022443 0.000000 0.014082 0.999295 -0.034798 10.885900 0.022944 0.034470 0.999142 -0.000000 0.000000 0.000000 0.000000 1.000000
0.999771 -0.015194 -0.015041 -0.000000 0.014620 0.999187 -0.037567 10.885900 0.015600 0.037338 0.999181 0.000000 0.000000 0.000000 0.000000 1.000000
0.999829 -0.015177 -0.010521 0.000000 0.014760 0.999143 -0.038668 10.885900 0.011099 0.038506 0.999197 0.000000 0.000000 0.000000 0.000000 1.000000
0.999808 -0.016234 -0.010931 0.000000 0.015808 0.999154 -0.037967 10.885900 0.011538 0.037787 0.999219 0.000000 0.000000 0.000000 0.000000 1.000000
0.999692 -0.019672 -0.015107 0.000000 0.019132 0.999201 -0.035093 10.885900 0.015785 0.034794 0.999270 0.000000 0.000000 0.000000 0.000000 1.000000
0.999486 -0.024791 -0.020337 0.000000 0.024162 0.999239 -0.030610 10.885900 0.021081 0.030103 0.999324 0.000000 0.000000 0.000000 0.000000 1.000000
0.999347 -0.029085 -0.021454 0.000000 0.028531 0.999263 -0.025694 10.885900 0.022186 0.025065 0.999440 0.000000 0.000000 0.000000 0.000000 1.000000
0.999433 -0.030762 -0.013697 0.000000 0.030474 0.999319 -0.020827 10.885900 0.014328 0.020397 0.999689 -0.000000 0.000000 0.000000 0.000000 1.000000
0.999555 -0.029840 0.000504 0.000000 0.029845 0.999434 -0.015513 10.885900 -0.000041 0.015521 0.999880 0.000000 0.000000 0.000000 0.000000 1.000000
0.999593 -0.025962 0.011783 0.000000 0.026072 0.999617 -0.009286 10.885900 -0.011538 0.009590 0.999887 0.000000 0.000000 0.000000 0.000000 1.000000
0.999768 -0.017393 0.012742 0.000000 0.017433 0.999844 -0.002997 10.885900 -0.012688 0.003219 0.999914 -0.000000 0.000000 0.000000 0.000000 1.000000
0.999979 -0.004471 0.004787 -0.000000 0.004467 0.999990 0.000721 10.885900 -0.004790 -0.000700 0.999988 -0.000000 0.000000 0.000000 0.000000 1.000000
0.999961 0.007917 -0.003799 -0.000000 -0.007923 0.999968 -0.001408 10.885900 0.003788 0.001438 0.999992 0.000000 0.000000 0.000000 0.000000 1.000000
0.999879 0.014506 -0.005625 0.000000 -0.014567 0.999835 -0.010887 10.885900 0.005466 0.010968 0.999925 0.000000 0.000000 0.000000 0.000000 1.000000
0.999885 0.015124 -0.000599 0.000000 -0.015135 0.999558 -0.025591 10.885900 0.000212 0.025597 0.999672 0.000000 0.000000 0.000000 0.000000 1.000000
0.999897 0.013287 0.005377 -0.000000 -0.013058 0.999093 -0.040537 10.885900 -0.005911 0.040462 0.999164 0.000000 0.000000 0.000000 0.000000 1.000000
0.999906 0.011088 0.008077 0.000000 -0.010661 0.998640 -0.051036 10.885900 -0.008632 0.050945 0.998664 0.000000 0.000000 0.000000 0.000000 1.000000
0.999929 0.007517 0.009278 0.000000 -0.006992 0.998445 -0.055312 10.885900 -0.009680 0.055243 0.998426 0.000000 0.000000 0.000000 0.000000 1.000000
0.999915 0.000829 0.012977 -0.000000 -0.000118 0.998500 -0.054756 10.885900 -0.013003 0.054749 0.998415 -0.000000 0.000000 0.000000 0.000000 1.000000
0.999763 -0.008843 0.019898 -0.000000 0.009870 0.998591 -0.052148 10.885900 -0.019409 0.052332 0.998441 0.000000 0.000000 0.000000 0.000000 1.000000
0.999440 -0.019505 0.027185 0.000000 0.020822 0.998581 -0.049007 10.885900 -0.026191 0.049546 0.998428 0.000000 0.000000 0.000000 0.000000 1.000000
0.999058 -0.029105 0.032179 0.000000 0.030516 0.998554 -0.044267 10.885900 -0.030844 0.045208 0.998501 0.000000 0.000000 0.000000 0.000000 1.000000
0.998720 -0.036478 0.035034 0.000000 0.037738 0.998639 -0.036000 10.885900 -0.033673 0.037276 0.998738 -0.000000 0.000000 0.000000 0.000000 1.000000
0.998450 -0.040878 0.037765 0.000000 0.041827 0.998820 -0.024689 10.885900 -0.036711 0.026231 0.998982 -0.000000 0.000000 0.000000 0.000000 1.000000
0.998270 -0.041640 0.041510 0.000000 0.042260 0.999006 -0.014167 10.885900 -0.040878 0.015896 0.999038 0.000000 0.000000 0.000000 0.000000 1.000000
0.998242 -0.038812 0.044795 0.000000 0.039234 0.999193 -0.008582 10.885900 -0.044426 0.010324 0.998959 0.000000 0.000000 0.000000 0.000000 1.000000
0.998416 -0.033933 0.044876 -0.000000 0.034360 0.999371 -0.008763 10.885900 -0.044551 0.010292 0.998954 0.000000 0.000000 0.000000 0.000000 1.000000
0.998700 -0.029485 0.041576 0.000000 0.030004 0.999479 -0.011909 10.885900 -0.041203 0.013141 0.999064 0.000000 0.000000 0.000000 0.000000 1.000000
0.998893 -0.026859 0.038618 0.000000 0.027437 0.999518 -0.014512 10.885900 -0.038209 0.015556 0.999149 0.000000 0.000000 0.000000 0.000000 1.000000
0.998914 -0.025320 0.039101 0.000000 0.025933 0.999547 -0.015267 10.885900 -0.038697 0.016264 0.999119 0.000000 0.000000 0.000000 0.000000 1.000000
0.998891 -0.023829 0.040608 0.000000 0.024455 0.999588 -0.015004 10.885900 -0.040234 0.015981 0.999062 -0.000000 0.000000 0.000000 0.000000 1.000000
0.999038 -0.022867 0.037422 0.000000 0.023420 0.999622 -0.014394 10.885900 -0.037079 0.015257 0.999196 0.000000 0.000000 0.000000 0.000000 1.000000
0.999340 -0.023296 0.027859 0.000000 0.023661 0.999638 -0.012839 10.885900 -0.027550 0.013490 0.999529 0.000000 0.000000 0.000000 0.000000 1.000000
0.999548 -0.024706 0.017146 0.000000 0.024874 0.999644 -0.009672 10.885900 -0.016901 0.010094 0.999806 0.000000 0.000000 0.000000 0.000000 1.000000
0.999593 -0.025990 0.011759 -0.000000 0.026054 0.999647 -0.005296 10.885900 -0.011617 0.005601 0.999917 0.000000 0.000000 0.000000 0.000000 1.000000
0.999566 -0.026636 0.012558 -0.000000 0.026648 0.999645 -0.000739 10.885900 -0.012534 0.001073 0.999921 -0.000000 0.000000 0.000000 0.000000 1.000000
0.999528 -0.026776 0.015059 -0.000000 0.026729 0.999637 0.003330 10.885900 -0.015143 -0.002926 0.999881 0.000000 0.000000 0.000000 0.000000 1.000000
0.999532 -0.026642 0.015063 0.000000 0.026542 0.999625 0.006794 10.885900 -0.015238 -0.006391 0.999863 0.000000 0.000000 0.000000 0.000000 1.000000
0.999572 -0.026541 0.012340 0.000000 0.026423 0.999605 0.009606 10.885900 -0.012590 -0.009275 0.999878 0.000000 0.000000 0.000000 0.000000 1.000000
0.999594 -0.026902 0.009401 0.000000 0.026793 0.999575 0.011466 10.885900 -0.009705 -0.011209 0.999890 0.000000 0.000000 0.000000 0.000000 1.000000
0.999579 -0.027853 0.008182 0.000000 0.027753 0.999541 0.012133 10.885900 -0.008516 -0.011901 0.999893 -0.000000 0.000000 0.000000 0.000000 1.000000
0.999545 -0.028963 0.008389 -0.000000 0.028863 0.999513 0.011826 10.885900 -0.008727 -0.011578 0.999895 0.000000 0.000000 0.000000 0.000000 1.000000
0.999523 -0.029690 0.008517 0.000000 0.029595 0.999500 0.011110 10.885900 -0.008843 -0.010852 0.999902 0.000000 0.000000 0.000000 0.000000 1.000000
0.999522 -0.029919 0.007730 0.000000 0.029837 0.999500 0.010509 10.885900 -0.008041 -0.010273 0.999915 -0.000000 0.000000 0.000000 0.000000 1.000000
0.999533 -0.029875 0.006455 0.000000 0.029807 0.999502 0.010341 10.885900 -0.006760 -0.010144 0.999926 0.000000 0.000000 0.000000 0.000000 1.000000
0.999543 -0.029722 0.005500 0.000000 0.029662 0.999502 0.010758 10.885900 -0.005817 -0.010590 0.999927 0.000000 0.000000 0.000000 0.000000 1.000000
0.999552 -0.029480 0.005117 -0.000000 0.029419 0.999499 0.011675 10.885900 -0.005459 -0.011520 0.999919 0.000000 0.000000 0.000000 0.000000 1.000000
0.999561 -0.029211 0.004964 -0.000000 0.029146 0.999494 0.012703 10.885900 -0.005332 -0.012552 0.999907 0.000000 0.000000 0.000000 0.000000 1.000000
0.999568 -0.029040 0.004622 0.000000 0.028976 0.999491 0.013380 10.885900 -0.005008 -0.013240 0.999900 -0.000000 0.000000 0.000000 0.000000 1.000000
0.999573 -0.028969 0.003925 -0.000000 0.028914 0.999490 0.013569 10.885900 -0.004316 -0.013450 0.999900 0.000000 0.000000 0.000000 0.000000 1.000000
0.999580 -0.028837 0.002937 0.000000 0.028795 0.999494 0.013542 10.885900 -0.003326 -0.013452 0.999904 0.000000 0.000000 0.000000 0.000000 1.000000
0.999592 -0.028506 0.001835 0.000000 0.028478 0.999501 0.013655 10.885900 -0.002223 -0.013597 0.999905 0.000000 0.000000 0.000000 0.000000 1.000000
0.999608 -0.027980 0.000800 -0.000000 0.027966 0.999510 0.014067 10.885900 -0.001193 -0.014039 0.999901 0.000000 0.000000 0.000000 0.000000 1.000000</float_array><technique_common><accessor source="#mixamorig_Spine1-Matrix-animation-output-transform-array" count="66" stride="16"><param type="float4x4"/></accessor></technique_common></source><source id="mixamorig_Spine1-Interpolations"><Name_array id="mixamorig_Spine1-Interpolations-array" count="66">
 LINEAR LINEAR LINEAR LINEAR LINEAR LINEAR LINEAR LINEAR LINEAR LINEAR LINEAR
LINEAR LINEAR LINEAR LINEAR LINEAR LINEAR LINEAR LINEAR LINEAR LINEAR LINEAR LINEAR
LINEAR LINEAR LINEAR LINEAR LINEAR LINEAR LINEAR LINEAR LINEAR LINEAR LINEAR LINEAR
LINEAR LINEAR LINEAR LINEAR LINEAR LINEAR LINEAR LINEAR LINEAR LINEAR LINEAR LINEAR
LINEAR LINEAR LINEAR LINEAR LINEAR LINEAR LINEAR LINEAR LINEAR LINEAR LINEAR LINEAR
LINEAR LINEAR LINEAR LINEAR LINEAR LINEAR LINEAR</Name_array><technique_common><accessor source="#mixamorig_Spine1-Interpolations-array" count="66"><param type="name"/></accessor></technique_common></source><sampler id="mixamorig_Spine1-Matrix-animation-transform"><input semantic="INPUT" source="#mixamorig_Spine1-Matrix-animation-input"/><input semantic="OUTPUT" source="#mixamorig_Spine1-Matrix-animation-output-transform"/><input semantic="INTERPOLATION" source="#mixamorig_Spine1-Interpolations"/></sampler><channel source="#mixamorig_Spine1-Matrix-animation-transform" target="mixamorig_Spine1/matrix"/></animation>
    <animation id="mixamorig_Spine2-anim" name="mixamorig_Spine2"><source id="mixamorig_Spine2-Matrix-animation-input"><float_array id="mixamorig_Spine2-Matrix-animation-input-array" count="66">

0.000000 0.033333 0.066667 0.100000 0.133333 0.166667 0.200000 0.233333 0.266667 0.300000 0.333333 0.366667 0.400000 0.433333 0.466667 0.500000
0.533333 0.566667 0.600000 0.633333 0.666667 0.700000 0.733333 0.766667 0.800000 0.833333 0.866667 0.900000 0.933333 0.966667 1.000000 1.033333
1.066667 1.100000 1.133333 1.166667 1.200000 1.233333 1.266667 1.300000 1.333333 1.366667 1.400000 1.433333 1.466667 1.500000 1.533333 1.566667
1.600000 1.633333 1.666667 1.700000 1.733333 1.766667 1.800000 1.833333 1.866667 1.900000 1.933333 1.966667 2.000000 2.033333 2.066667 2.100000
2.133333 2.166667</float_array><technique_common><accessor source="#mixamorig_Spine2-Matrix-animation-input-array" count="66"><param name="TIME" type="float"/></accessor></technique_common></source><source id="mixamorig_Spine2-Matrix-animation-output-transform"><float_array id="mixamorig_Spine2-Matrix-animation-output-transform-array" count="1056">

0.999611 -0.027851 0.001172 0.000000 0.027869 0.999417 -0.019720 12.834400 -0.000623 0.019745 0.999805 0.000000 0.000000 0.000000 0.000000 1.000000
0.999594 -0.028421 0.002221 0.000000 0.028460 0.999391 -0.020203 12.834400 -0.001646 0.020258 0.999793 0.000000 0.000000 0.000000 0.000000 1.000000
0.999577 -0.028966 0.002519 0.000000 0.029012 0.999355 -0.021155 12.834400 -0.001905 0.021219 0.999773 0.000000 0.000000 0.000000 0.000000 1.000000
0.999566 -0.029416 0.001849 0.000000 0.029450 0.999312 -0.022532 12.834400 -0.001185 0.022577 0.999744 0.000000 0.000000 0.000000 0.000000 1.000000
0.999560 -0.029676 0.000324 0.000000 0.029676 0.999267 -0.024186 12.834400 0.000394 0.024185 0.999707 0.000000 0.000000 0.000000 0.000000 1.000000
0.999563 -0.029509 -0.001606 0.000000 0.029457 0.999228 -0.025984 12.834400 0.002371 0.025925 0.999661 0.000000 0.000000 0.000000 0.000000 1.000000
0.999588 -0.028483 -0.003560 0.000000 0.028372 0.999204 -0.028034 12.834400 0.004356 0.027921 0.999601 -0.000000 0.000000 0.000000 0.000000 1.000000
0.999640 -0.026227 -0.005660 0.000000 0.026040 0.999186 -0.030806 12.834400 0.006464 0.030647 0.999509 0.000000 0.000000 0.000000 0.000000 1.000000
0.999701 -0.022842 -0.008682 -0.000000 0.022526 0.999134 -0.034976 12.834400 0.009474 0.034770 0.999350 0.000000 0.000000 0.000000 0.000000 1.000000
0.999726 -0.019063 -0.013591 0.000000 0.018492 0.998988 -0.040991 12.834400 0.014359 0.040728 0.999067 0.000000 0.000000 0.000000 0.000000 1.000000
0.999668 -0.015929 -0.020254 0.000000 0.014929 0.998708 -0.048574 12.834400 0.021002 0.048255 0.998614 0.000000 0.000000 0.000000 0.000000 1.000000
