<?xml version="1.0" encoding="utf-8"?>
<COLLADA xmlns="http://www.collada.org/2005/11/COLLADASchema" version="1.4.1">
  <asset><contributor><author>Mixamo</author><authoring_tool>COLLADA Mixamo exporter</authoring_tool><comments></comments></contributor><created>2015-09-12T17:58:49Z</created><modified>2015-09-12T17:58:49Z</modified><revision></revision><title></title><unit meter="0.010000"/><up_axis>Y_UP</up_axis></asset>
  <library_animations>
    <animation id="mixamorig_Hips-anim" name="mixamorig_Hips"><source id="mixamorig_Hips-Matrix-animation-input"><float_array id="mixamorig_Hips-Matrix-animation-input-array" count="29">

0.000000 0.033333 0.066667 0.100000 0.133333 0.166667 0.200000 0.233333 0.266667 0.300000 0.333333 0.366667 0.400000 0.433333 0.466667 0.500000
0.533333 0.566667 0.600000 0.633333 0.666667 0.700000 0.733333 0.766667 0.800000 0.833333 0.866667 0.900000 0.933333</float_array><technique_common><accessor source="#mixamorig_Hips-Matrix-animation-input-array" count="29"><param name="TIME" type="float"/></accessor></technique_common></source><source id="mixamorig_Hips-Matrix-animation-output-transform"><float_array id="mixamorig_Hips-Matrix-animation-output-transform-array" count="464">

0.991253 0.078788 -0.105879 0.326920 -0.072160 0.995270 0.065039 101.675095 0.110502 -0.056830 0.992250 0.156466 0.000000 0.000000 0.000000 1.000000
0.996727 0.069220 -0.041757 0.136786 -0.067040 0.996419 0.051534 101.608704 0.045174 -0.048566 0.997798 -0.579775 0.000000 0.000000 0.000000 1.000000
0.997868 0.059715 0.026320 -0.252662 -0.060782 0.997275 0.041822 101.590210 -0.023751 -0.043332 0.998778 -1.375802 0.000000 0.000000 0.000000 1.000000
0.994215 0.052328 0.093795 -0.788029 -0.055887 0.997798 0.035728 101.609016 -0.091719 -0.040764 0.994950 -2.289338 0.000000 0.000000 0.000000 1.000000
0.986948 0.043395 0.155083 -1.489224 -0.049032 0.998261 0.032711 101.805687 -0.153394 -0.039888 0.987360 -3.265544 0.000000 0.000000 0.000000 1.000000
0.977413 0.033911 0.208602 -2.276511 -0.041490 0.998624 0.032065 102.032249 -0.207228 -0.039995 0.977475 -4.226582 0.000000 0.000000 0.000000 1.000000
0.966720 0.028766 0.254215 -3.023230 -0.038387 0.998719 0.032964 102.106529 -0.252941 -0.041626 0.966586 -5.128053 0.000000 0.000000 0.000000 1.000000
0.955235 0.025637 0.294736 -3.696097 -0.037265 0.998730 0.033903 102.095558 -0.293492 -0.043369 0.954977 -5.985827 0.000000 0.000000 0.000000 1.000000
0.941826 0.020157 0.335497 -4.295335 -0.033803 0.998820 0.034883 102.132599 -0.334398 -0.044195 0.941395 -6.809345 0.000000 0.000000 0.000000 1.000000
0.926125 0.015464 0.376899 -4.737793 -0.032186 0.998755 0.038109 102.121529 -0.375840 -0.047425 0.925470 -7.581085 0.000000 0.000000 0.000000 1.000000
0.910047 0.013555 0.414282 -4.943686 -0.034898 0.998422 0.043991 102.041000 -0.413032 -0.054491 0.909085 -8.310754 0.000000 0.000000 0.000000 1.000000
0.895168 0.014003 0.445508 -4.850671 -0.041021 0.997853 0.051060 101.903740 -0.443837 -0.063982 0.893821 -9.070261 0.000000 0.000000 0.000000 1.000000
0.880417 0.014651 0.473973 -4.557373 -0.047515 0.997218 0.057434 101.705391 -0.471813 -0.073087 0.878664 -9.876143 0.000000 0.000000 0.000000 1.000000
0.862646 0.006403 0.505767 -4.389433 -0.044053 0.997071 0.062514 101.494041 -0.503886 -0.076208 0.860402 -10.594920 0.000000 0.000000 0.000000 1.000000
0.839174 -0.005829 0.543832 -4.399580 -0.037729 0.996910 0.068905 101.308403 -0.542553 -0.078342 0.836360 -11.128448 0.000000 0.000000 0.000000 1.000000
0.808160 -0.013693 0.588804 -4.439781 -0.038925 0.996302 0.076596 101.221970 -0.587675 -0.084821 0.804638 -11.490034 0.000000 0.000000 0.000000 1.000000
0.766908 -0.016995 0.641532 -4.503081 -0.046633 0.995531 0.082119 101.317780 -0.640061 -0.092894 0.762688 -11.455129 0.000000 0.000000 0.000000 1.000000
0.716949 -0.021703 0.696788 -4.572488 -0.052867 0.994944 0.085386 101.476677 -0.695118 -0.098054 0.712177 -10.905149 0.000000 0.000000 0.000000 1.000000
0.661833 -0.027705 0.749139 -4.527957 -0.057764 0.994461 0.087809 101.653473 -0.747422 -0.101388 0.656567 -10.047911 0.000000 0.000000 0.000000 1.000000
0.599038 -0.030709 0.800132 -4.373019 -0.064245 0.994199 0.086256 101.873001 -0.798139 -0.103075 0.593590 -9.072690 0.000000 0.000000 0.000000 1.000000
0.525105 -0.032854 0.850403 -4.121861 -0.069221 0.994295 0.081155 102.053368 -0.848217 -0.101481 0.519836 -8.133648 0.000000 0.000000 0.000000 1.000000
0.416872 -0.040103 0.908080 -3.228863 -0.075140 0.994087 0.078396 102.065453 -0.905854 -0.100914 0.411394 -6.364769 0.000000 0.000000 0.000000 1.000000
0.328502 -0.047011 0.943333 -2.294065 -0.075381 0.994270 0.075800 101.841171 -0.941490 -0.096010 0.323075 -4.834377 0.000000 0.000000 0.000000 1.000000
0.260192 -0.050234 0.964249 -1.405396 -0.075854 0.994496 0.072278 101.787933 -0.962573 -0.091948 0.254950 -3.376282 0.000000 0.000000 0.000000 1.000000
0.203042 -0.052210 0.977777 -0.720586 -0.075184 0.994798 0.068731 101.779259 -0.976279 -0.087468 0.198060 -2.198919 0.000000 0.000000 0.000000 1.000000
0.156881 -0.053952 0.986143 -0.262916 -0.073247 0.995121 0.066095 101.744171 -0.984898 -0.082601 0.152164 -1.340559 0.000000 0.000000 0.000000 1.000000
0.124825 -0.055371 0.990632 0.013539 -0.072397 0.995272 0.064753 101.707664 -0.989534 -0.079801 0.120226 -0.745975 0.000000 0.000000 0.000000 1.000000
0.115793 -0.056338 0.991674 0.134196 -0.072294 0.995264 0.064984 101.683853 -0.990639 -0.079217 0.111172 -0.389523 0.000000 0.000000 0.000000 1.000000
0.110510 -0.056961 0.992241 0.155865 -0.072148 0.995263 0.065170 101.674927 -0.991253 -0.078790 0.105877 -0.326883 0.000000 0.000000 0.000000 1.000000</float_array><technique_common><accessor source="#mixamorig_Hips-Matrix-animation-output-transform-array" count="29" stride="16"><param type="float4x4"/></accessor></technique_common></source><source id="mixamorig_Hips-Interpolations"><Name_array id="mixamorig_Hips-Interpolations-array" count="29">
 LINEAR LINEAR LINEAR LINEAR LINEAR LINEAR LINEAR LINEAR LINEAR LINEAR LINEAR
LINEAR LINEAR LINEAR LINEAR LINEAR LINEAR LINEAR LINEAR LINEAR LINEAR LINEAR LINEAR
LINEAR LINEAR LINEAR LINEAR LINEAR LINEAR</Name_array><technique_common><accessor source="#mixamorig_Hips-Interpolations-array" count="29"><param type="name"/></accessor></technique_common></source><sampler id="mixamorig_Hips-Matrix-animation-transform"><input semantic="INPUT" source="#mixamorig_Hips-Matrix-animation-input"/><input semantic="OUTPUT" source="#mixamorig_Hips-Matrix-animation-output-transform"/><input semantic="INTERPOLATION" source="#mixamorig_Hips-Interpolations"/></sampler><channel source="#mixamorig_Hips-Matrix-animation-transform" target="mixamorig_Hips/matrix"/></animation>
    <animation id="mixamorig_Spine-anim" name="mixamorig_Spine"><source id="mixamorig_Spine-Matrix-animation-input"><float_array id="mixamorig_Spine-Matrix-animation-input-array" count="29">

0.000000 0.033333 0.066667 0.100000 0.133333 0.166667 0.200000 0.233333 0.266667 0.300000 0.333333 0.366667 0.400000 0.433333 0.466667 0.500000
0.533333 0.566667 0.600000 0.633333 0.666667 0.700000 0.733333 0.766667 0.800000 0.833333 0.866667 0.900000 0.933333</float_array><technique_common><accessor source="#mixamorig_Spine-Matrix-animation-input-array" count="29"><param name="TIME" type="float"/></accessor></technique_common></source><source id="mixamorig_Spine-Matrix-animation-output-transform"><float_array id="mixamorig_Spine-Matrix-animation-output-transform-array" count="464">

0.997561 -0.067520 0.017708 0.003800 0.065563 0.993380 0.094328 9.469100 -0.023959 -0.092937 0.995384 -0.797400 0.000000 0.000000 0.000000 1.000000
0.997361 -0.069241 0.021846 0.003800 0.066931 0.993416 0.092980 9.469100 -0.028141 -0.091272 0.995428 -0.797400 0.000000 0.000000 0.000000 1.000000
0.997269 -0.069408 0.025255 0.003800 0.066850 0.993608 0.090961 9.469100 -0.031407 -0.089024 0.995534 -0.797400 0.000000 0.000000 0.000000 1.000000
0.997408 -0.066031 0.028596 0.003800 0.063282 0.994089 0.088215 9.469100 -0.034252 -0.086177 0.995691 -0.797400 0.000000 0.000000 0.000000 1.000000
0.997759 -0.058413 0.032630 0.003800 0.055453 0.994817 0.085231 9.469100 -0.037439 -0.083231 0.995827 -0.797400 0.000000 0.000000 0.000000 1.000000
0.998099 -0.048820 0.037615 0.003800 0.045564 0.995505 0.083028 9.469100 -0.041500 -0.081157 0.995837 -0.797400 0.000000 0.000000 0.000000 1.000000
0.998284 -0.039941 0.042821 0.003800 0.036309 0.995932 0.082464 9.469100 -0.045940 -0.080767 0.995674 -0.797400 0.000000 0.000000 0.000000 1.000000
0.998377 -0.032191 0.046987 0.003800 0.028190 0.996112 0.083464 9.469100 -0.049491 -0.082003 0.995402 -0.797400 0.000000 0.000000 0.000000 1.000000
0.998450 -0.024919 0.049772 0.003800 0.020620 0.996159 0.085106 9.469100 -0.051702 -0.083948 0.995128 -0.797400 0.000000 0.000000 0.000000 1.000000
0.998421 -0.020195 0.052421 0.003800 0.015595 0.996110 0.086729 9.469100 -0.053969 -0.085775 0.994852 -0.797400 0.000000 0.000000 0.000000 1.000000
0.998177 -0.022093 0.056168 0.003800 0.017051 0.995911 0.088715 9.469100 -0.057899 -0.087595 0.994472 -0.797400 0.000000 0.000000 0.000000 1.000000
0.997698 -0.030966 0.060336 0.003800 0.025359 0.995475 0.091577 9.469100 -0.062899 -0.089836 0.993968 -0.797400 0.000000 0.000000 0.000000 1.000000
0.997196 -0.040947 0.062634 0.003800 0.034914 0.994908 0.094549 9.469100 -0.066187 -0.092097 0.993548 -0.797400 0.000000 0.000000 0.000000 1.000000
0.997109 -0.044474 0.061602 0.003800 0.038439 0.994647 0.095918 9.469100 -0.065538 -0.093273 0.993481 -0.797400 0.000000 0.000000 0.000000 1.000000
0.997464 -0.042245 0.057284 0.003800 0.036670 0.994791 0.095112 9.469100 -0.061004 -0.092771 0.993817 -0.797400 0.000000 0.000000 0.000000 1.000000
0.997821 -0.042261 0.050667 0.003800 0.037379 0.994899 0.093698 9.469100 -0.054369 -0.091600 0.994311 -0.797400 0.000000 0.000000 0.000000 1.000000
0.997974 -0.046075 0.043870 0.003800 0.041851 0.994808 0.092765 9.469100 -0.047917 -0.090741 0.994721 -0.797400 0.000000 0.000000 0.000000 1.000000
0.998019 -0.049277 0.039116 0.003800 0.045539 0.994782 0.091300 9.469100 -0.043411 -0.089338 0.995055 -0.797400 0.000000 0.000000 0.000000 1.000000
0.998106 -0.049413 0.036630 0.003800 0.046043 0.995077 0.087758 9.469100 -0.040786 -0.085906 0.995468 -0.797400 0.000000 0.000000 0.000000 1.000000
0.998302 -0.047104 0.034282 0.003800 0.044134 0.995590 0.082780 9.469100 -0.038030 -0.081127 0.995978 -0.797400 0.000000 0.000000 0.000000 1.000000
0.998674 -0.041827 0.030022 0.003800 0.039337 0.996082 0.079202 9.469100 -0.033217 -0.077916 0.996406 -0.797400 0.000000 0.000000 0.000000 1.000000
0.999137 -0.033877 0.024040 0.003800 0.031882 0.996363 0.079026 9.469100 -0.026630 -0.078191 0.996583 -0.797400 0.000000 0.000000 0.000000 1.000000
0.999507 -0.025516 0.018300 0.003800 0.023947 0.996397 0.081356 9.469100 -0.020310 -0.080878 0.996517 -0.797400 0.000000 0.000000 0.000000 1.000000
0.999676 -0.021114 0.014239 0.003800 0.019839 0.996238 0.084353 9.469100 -0.015967 -0.084043 0.996334 -0.797400 0.000000 0.000000 0.000000 1.000000
0.999619 -0.024857 0.012010 0.003800 0.023718 0.995913 0.087147 9.469100 -0.014127 -0.086828 0.996123 -0.797400 0.000000 0.000000 0.000000 1.000000
0.999309 -0.035199 0.011908 0.003800 0.033994 0.995397 0.089601 9.469100 -0.015007 -0.089134 0.995907 -0.797400 0.000000 0.000000 0.000000 1.000000
0.998738 -0.048324 0.013709 0.003800 0.046869 0.994680 0.091731 9.469100 -0.018069 -0.090972 0.995689 -0.797400 0.000000 0.000000 0.000000 1.000000
0.998058 -0.060169 0.016134 0.003800 0.058409 0.993914 0.093402 9.469100 -0.021655 -0.092278 0.995498 -0.797400 0.000000 0.000000 0.000000 1.000000
0.997561 -0.067518 0.017708 0.003800 0.065560 0.993380 0.094328 9.469100 -0.023960 -0.092937 0.995384 -0.797400 0.000000 0.000000 0.000000 1.000000</float_array><technique_common><accessor source="#mixamorig_Spine-Matrix-animation-output-transform-array" count="29" stride="16"><param type="float4x4"/></accessor></technique_common></source><source id="mixamorig_Spine-Interpolations"><Name_array id="mixamorig_Spine-Interpolations-array" count="29">
 LINEAR LINEAR LINEAR LINEAR LINEAR LINEAR LINEAR LINEAR LINEAR LINEAR LINEAR
LINEAR LINEAR LINEAR LINEAR LINEAR LINEAR LINEAR LINEAR LINEAR LINEAR LINEAR LINEAR
LINEAR LINEAR LINEAR LINEAR LINEAR LINEAR</Name_array><technique_common><accessor source="#mixamorig_Spine-Interpolations-array" count="29"><param type="name"/></accessor></technique_common></source><sampler id="mixamorig_Spine-Matrix-animation-transform"><input semantic="INPUT" source="#mixamorig_Spine-Matrix-animation-input"/><input semantic="OUTPUT" source="#mixamorig_Spine-Matrix-animation-output-transform"/><input semantic="INTERPOLATION" source="#mixamorig_Spine-Interpolations"/></sampler><channel source="#mixamorig_Spine-Matrix-animation-transform" target="mixamorig_Spine/matrix"/></animation>
    <animation id="mixamorig_Spine1-anim" name="mixamorig_Spine1"><source id="mixamorig_Spine1-Matrix-animation-input"><float_array id="mixamorig_Spine1-Matrix-animation-input-array" count="29">

0.000000 0.033333 0.066667 0.100000 0.133333 0.166667 0.200000 0.233333 0.266667 0.300000 0.333333 0.366667 0.400000 0.433333 0.466667 0.500000
0.533333 0.566667 0.600000 0.633333 0.666667 0.700000 0.733333 0.766667 0.800000 0.833333 0.866667 0.900000 0.933333</float_array><technique_common><accessor source="#mixamorig_Spine1-Matrix-animation-input-array" count="29"><param name="TIME" type="float"/></accessor></technique_common></source><source id="mixamorig_Spine1-Matrix-animation-output-transform"><float_array id="mixamorig_Spine1-Matrix-animation-output-transform-array" count="464">

0.999537 -0.030409 0.000671 0.000000 0.030397 0.999441 0.013946 10.885900 -0.001094 -0.013920 0.999903 -0.000000 0.000000 0.000000 0.000000 1.000000
0.999513 -0.031051 0.003246 0.000000 0.031008 0.999443 0.012370 10.885900 -0.003629 -0.012263 0.999918 0.000000 0.000000 0.000000 0.000000 1.000000
0.999433 -0.033305 0.005016 -0.000000 0.033252 0.999393 0.010397 10.885900 -0.005359 -0.010224 0.999933 -0.000000 0.000000 0.000000 0.000000 1.000000
0.999287 -0.037154 0.006692 0.000000 0.037102 0.999281 0.007809 10.885900 -0.006977 -0.007555 0.999947 0.000000 0.000000 0.000000 0.000000 1.000000
0.999072 -0.042120 0.009011 0.000000 0.042077 0.999102 0.004946 10.885900 -0.009212 -0.004562 0.999947 0.000000 0.000000 0.000000 0.000000 1.000000
0.998785 -0.047762 0.012137 -0.000000 0.047732 0.998856 0.002736 10.885900 -0.012254 -0.002154 0.999923 0.000000 0.000000 0.000000 0.000000 1.000000
0.998423 -0.054012 0.015330 -0.000000 0.053987 0.998540 0.002012 10.885900 -0.015416 -0.001181 0.999880 -0.000000 0.000000 0.000000 0.000000 1.000000
0.998000 -0.060760 0.017451 0.000000 0.060722 0.998151 0.002716 10.885900 -0.017584 -0.001650 0.999844 0.000000 0.000000 0.000000 0.000000 1.000000
0.997529 -0.067850 0.018254 0.000000 0.067788 0.997692 0.003998 10.885900 -0.018483 -0.002751 0.999825 0.000000 0.000000 0.000000 0.000000 1.000000
0.996969 -0.075420 0.019115 0.000000 0.075332 0.997144 0.005293 10.885900 -0.019460 -0.003837 0.999803 0.000000 0.000000 0.000000 0.000000 1.000000
0.996290 -0.083273 0.021716 -0.000000 0.083137 0.996513 0.007098 10.885900 -0.022232 -0.005266 0.999739 -0.000000 0.000000 0.000000 0.000000 1.000000
0.995619 -0.089839 0.025913 -0.000000 0.089603 0.995926 0.010136 10.885900 -0.026718 -0.007770 0.999613 0.000000 0.000000 0.000000 0.000000 1.000000
0.995215 -0.093147 0.029518 0.000000 0.092772 0.995591 0.013832 10.885900 -0.030676 -0.011027 0.999469 -0.000000 0.000000 0.000000 0.000000 1.000000
0.995156 -0.093533 0.030274 -0.000000 0.093068 0.995524 0.016427 10.885900 -0.031675 -0.013530 0.999407 0.000000 0.000000 0.000000 0.000000 1.000000
0.995208 -0.093820 0.027564 0.000000 0.093378 0.995487 0.016920 10.885900 -0.029027 -0.014265 0.999477 0.000000 0.000000 0.000000 0.000000 1.000000
0.995226 -0.094962 0.022517 0.000000 0.094608 0.995381 0.016309 10.885900 -0.023961 -0.014101 0.999613 0.000000 0.000000 0.000000 0.000000 1.000000
0.995308 -0.095165 0.017484 0.000000 0.094890 0.995360 0.015966 10.885900 -0.018922 -0.014232 0.999720 0.000000 0.000000 0.000000 0.000000 1.000000
0.995575 -0.092692 0.015466 0.000000 0.092455 0.995598 0.015409 10.885900 -0.016826 -0.013911 0.999762 -0.000000 0.000000 0.000000 0.000000 1.000000
0.995937 -0.088348 0.017461 0.000000 0.088125 0.996023 0.013132 10.885900 -0.018552 -0.011540 0.999761 0.000000 0.000000 0.000000 0.000000 1.000000
0.996336 -0.083256 0.019555 0.000000 0.083081 0.996496 0.009626 10.885900 -0.020288 -0.007967 0.999762 0.000000 0.000000 0.000000 0.000000 1.000000
0.996951 -0.076389 0.015929 -0.000000 0.076274 0.997057 0.007689 10.885900 -0.016469 -0.006451 0.999844 -0.000000 0.000000 0.000000 0.000000 1.000000
0.997743 -0.066809 0.006731 0.000000 0.066749 0.997731 0.008770 10.885900 -0.007302 -0.008301 0.999939 -0.000000 0.000000 0.000000 0.000000 1.000000
0.998401 -0.056496 -0.001619 0.000000 0.056511 0.998342 0.010972 10.885900 0.000996 -0.011046 0.999938 -0.000000 0.000000 0.000000 0.000000 1.000000
0.998820 -0.048251 -0.005523 0.000000 0.048316 0.998758 0.012132 10.885900 0.004931 -0.012385 0.999911 0.000000 0.000000 0.000000 0.000000 1.000000
0.999063 -0.042779 -0.006542 0.000000 0.042857 0.999006 0.012287 10.885900 0.006009 -0.012556 0.999903 -0.000000 0.000000 0.000000 0.000000 1.000000
0.999224 -0.038912 -0.006124 0.000000 0.038986 0.999162 0.012456 10.885900 0.005634 -0.012685 0.999904 0.000000 0.000000 0.000000 0.000000 1.000000
0.999364 -0.035414 -0.004232 0.000000 0.035467 0.999286 0.013045 10.885900 0.003767 -0.013187 0.999906 0.000000 0.000000 0.000000 0.000000 1.000000
0.999479 -0.032253 -0.001467 -0.000000 0.032270 0.999386 0.013670 10.885900 0.001025 -0.013710 0.999905 0.000000 0.000000 0.000000 0.000000 1.000000
0.999537 -0.030428 0.000673 0.000000 0.030416 0.999440 0.013946 10.885900 -0.001097 -0.013920 0.999903 0.000000 0.000000 0.000000 0.000000 1.000000</float_array><technique_common><accessor source="#mixamorig_Spine1-Matrix-animation-output-transform-array" count="29" stride="16"><param type="float4x4"/></accessor></technique_common></source><source id="mixamorig_Spine1-Interpolations"><Name_array id="mixamorig_Spine1-Interpolations-array" count="29">
 LINEAR LINEAR LINEAR LINEAR LINEAR LINEAR LINEAR LINEAR LINEAR LINEAR LINEAR
LINEAR LINEAR LINEAR LINEAR LINEAR LINEAR LINEAR LINEAR LINEAR LINEAR LINEAR LINEAR
LINEAR LINEAR LINEAR LINEAR LINEAR LINEAR</Name_array><technique_common><accessor source="#mixamorig_Spine1-Interpolations-array" count="29"><param type="name"/></accessor></technique_common></source><sampler id="mixamorig_Spine1-Matrix-animation-transform"><input semantic="INPUT" source="#mixamorig_Spine1-Matrix-animation-input"/><input semantic="OUTPUT" source="#mixamorig_Spine1-Matrix-animation-output-transform"/><input semantic="INTERPOLATION" source="#mixamorig_Spine1-Interpolations"/></sampler><channel source="#mixamorig_Spine1-Matrix-animation-transform" target="mixamorig_Spine1/matrix"/></animation>
    <animation id="mixamorig_Spine2-anim" name="mixamorig_Spine2"><source id="mixamorig_Spine2-Matrix-animation-input"><float_array id="mixamorig_Spine2-Matrix-animation-input-array" count="29">

0.000000 0.033333 0.066667 0.100000 0.133333 0.166667 0.200000 0.233333 0.266667 0.300000 0.333333 0.366667 0.400000 0.433333 0.466667 0.500000
0.533333 0.566667 0.600000 0.633333 0.666667 0.700000 0.733333 0.766667 0.800000 0.833333 0.866667 0.900000 0.933333</float_array><technique_common><accessor source="#mixamorig_Spine2-Matrix-animation-input-array" count="29"><param name="TIME" type="float"/></accessor></technique_common></source><source id="mixamorig_Spine2-Matrix-animation-output-transform"><float_array id="mixamorig_Spine2-Matrix-animation-output-transform-array" count="464">

0.999539 -0.030334 0.001094 -0.000000 0.030349 0.999343 -0.019834 12.834400 -0.000492 0.019858 0.999803 0.000000 0.000000 0.000000 0.000000 1.000000
0.999539 -0.030130 0.003847 0.000000 0.030205 0.999316 -0.021339 12.834400 -0.003201 0.021445 0.999765 0.000000 0.000000 0.000000 0.000000 1.000000
0.999521 -0.030381 0.005884 0.000000 0.030510 0.999264 -0.023242 12.834400 -0.005173 0.023410 0.999713 0.000000 0.000000 0.000000 0.000000 1.000000
0.999488 -0.031008 0.007875 -0.000000 0.031201 0.999181 -0.025768 12.834400 -0.007070 0.026001 0.999637 0.000000 0.000000 0.000000 0.000000 1.000000
0.999443 -0.031673 0.010527 0.000000 0.031963 0.999080 -0.028582 12.834400 -0.009612 0.028902 0.999536 0.000000 0.000000 0.000000 0.000000 1.000000
0.999381 -0.032273 0.013972 0.000000 0.032691 0.998992 -0.030753 12.834400 -0.012965 0.031190 0.999429 0.000000 0.000000 0.000000 0.000000 1.000000
0.999306 -0.032875 0.017492 -0.000000 0.033413 0.998947 -0.031447 12.834400 -0.016440 0.032010 0.999352 0.000000 0.000000 0.000000 0.000000 1.000000
0.999241 -0.033453 0.019975 -0.000000 0.034057 0.998947 -0.030724 12.834400 -0.018926 0.031381 0.999328 0.000000 0.000000 0.000000 0.000000 1.000000
0.999195 -0.034077 0.021166 -0.000000 0.034693 0.998964 -0.029435 12.834400 -0.020141 0.030145 0.999343 0.000000 0.000000 0.000000 0.000000 1.000000
0.999132 -0.035106 0.022425 0.000000 0.035731 0.998965 -0.028143 12.834400 -0.021413 0.028920 0.999352 0.000000 0.000000 0.000000 0.000000 1.000000
0.999008 -0.036572 0.025402 0.000000 0.037240 0.998959 -0.026354 12.834400 -0.024412 0.027274 0.999330 -0.000000 0.000000 0.000000 0.000000 1.000000
0.998863 -0.037090 0.029950 -0.000000 0.037796 0.999012 -0.023361 12.834400 -0.029054 0.024467 0.999278 -0.000000 0.000000 0.000000 0.000000 1.000000
0.998817 -0.034833 0.033918 0.000000 0.035516 0.999174 -0.019765 12.834400 -0.033202 0.020946 0.999229 0.000000 0.000000 0.000000 0.000000 1.000000
0.998926 -0.030282 0.035081 0.000000 0.030904 0.999372 -0.017311 12.834400 -0.034535 0.018376 0.999235 0.000000 0.000000 0.000000 0.000000 1.000000
0.999114 -0.026355 0.032814 -0.000000 0.026922 0.999494 -0.016948 12.834400 -0.032350 0.017817 0.999318 -0.000000 0.000000 0.000000 0.000000 1.000000
0.999315 -0.024042 0.028141 0.000000 0.024546 0.999542 -0.017683 12.834400 -0.027703 0.018362 0.999448 -0.000000 0.000000 0.000000 0.000000 1.000000
0.999490 -0.021902 0.023246 0.000000 0.022328 0.999584 -0.018230 12.834400 -0.022837 0.018739 0.999564 -0.000000 0.000000 0.000000 0.000000 1.000000
0.999593 -0.019337 0.020984 0.000000 0.019740 0.999621 -0.019170 12.834400 -0.020606 0.019576 0.999596 0.000000 0.000000 0.000000 0.000000 1.000000
0.999578 -0.018539 0.022366 0.000000 0.019030 0.999578 -0.021947 12.834400 -0.021950 0.022364 0.999509 -0.000000 0.000000 0.000000 0.000000 1.000000
0.999504 -0.020770 0.023681 0.000000 0.021379 0.999439 -0.025763 12.834400 -0.023133 0.026257 0.999388 -0.000000 0.000000 0.000000 0.000000 1.000000
0.999534 -0.023667 0.019303 -0.000000 0.024194 0.999328 -0.027545 12.834400 -0.018638 0.027999 0.999434 0.000000 0.000000 0.000000 0.000000 1.000000
0.999646 -0.024898 0.009412 0.000000 0.025135 0.999347 -0.025974 12.834400 -0.008760 0.026202 0.999618 -0.000000 0.000000 0.000000 0.000000 1.000000
0.999670 -0.025683 0.000456 -0.000000 0.025687 0.999398 -0.023339 12.834400 0.000144 0.023343 0.999728 -0.000000 0.000000 0.000000 0.000000 1.000000
0.999598 -0.028080 -0.003871 0.000000 0.027989 0.999368 -0.021936 12.834400 0.004484 0.021819 0.999752 0.000000 0.000000 0.000000 0.000000 1.000000
0.999490 -0.031511 -0.005158 0.000000 0.031393 0.999273 -0.021639 12.834400 0.005836 0.021466 0.999753 0.000000 0.000000 0.000000 0.000000 1.000000
0.999420 -0.033680 -0.004989 -0.000000 0.033566 0.999208 -0.021349 12.834400 0.005704 0.021169 0.999760 0.000000 0.000000 0.000000 0.000000 1.000000
0.999437 -0.033380 -0.003386 0.000000 0.033303 0.999231 -0.020711 12.834400 0.004075 0.020587 0.999780 0.000000 0.000000 0.000000 0.000000 1.000000
0.999500 -0.031596 -0.000892 0.000000 0.031571 0.999300 -0.020090 12.834400 0.001526 0.020052 0.999798 0.000000 0.000000 0.000000 0.000000 1.000000
0.999540 -0.030302 0.001091 -0.000000 0.030318 0.999344 -0.019834 12.834400 -0.000489 0.019858 0.999803 0.000000 0.000000 0.000000 0.000000 1.000000</float_array><technique_common><accessor source="#mixamorig_Spine2-Matrix-animation-output-transform-array" count="29" stride="16"><param type="float4x4"/></accessor></technique_common></source><source id="mixamorig_Spine2-Interpolations"><Name_array id="mixamorig_Spine2-Interpolations-array" count="29">
 LINEAR LINEAR LINEAR LINEAR LINEAR LINEAR LINEAR LINEAR LINEAR LINEAR LINEAR
LINEAR LINEAR LINEAR LINEAR LINEAR LINEAR LINEAR LINEAR LINEAR LINEAR LINEAR LINEAR
LINEAR LINEAR LINEAR LINEAR LINEAR LINEAR</Name_array><technique_common><accessor source="#mixamorig_Spine2-Interpolations-array" count="29"><param type="name"/></accessor></technique_common></source><sampler id="mixamorig_Spine2-Matrix-animation-transform"><input semantic="INPUT" source="#mixamorig_Spine2-Matrix-animation-input"/><input semantic="OUTPUT" source="#mixamorig_Spine2-Matrix-animation-output-transform"/><input semantic="INTERPOLATION" source="#mixamorig_Spine2-Interpolations"/></sampler><channel source="#mixamorig_Spine2-Matrix-animation-transform" target="mixamorig_Spine2/matrix"/></animation>
    <animation id="mixamorig_Neck-anim" name="mixamorig_Neck"><source id="mixamorig_Neck-Matrix-animation-input"><float_array id="mixamorig_Neck-Matrix-animation-input-array" count="29">

0.000000 0.033333 0.066667 0.100000 0.133333 0.166667 0.200000 0.233333 0.266667 0.300000 0.333333 0.366667 0.400000 0.433333 0.466667 0.500000
0.533333 0.566667 0.600000 0.633333 0.666667 0.700000 0.733333 0.766667 0.800000 0.833333 0.866667 0.900000 0.933333</float_array><technique_common><accessor source="#mixamorig_Neck-Matrix-animation-input-array" count="29"><param name="TIME" type="float"/></accessor></technique_common></source><source id="mixamorig_Neck-Matrix-animation-output-transform"><float_array id="mixamorig_Neck-Matrix-animation-output-transform-array" count="464">

0.999968 -0.007929 -0.001418 -0.003900 0.007212 0.959786 -0.280641 14.257600 0.003586 0.280622 0.959812 2.618200 0.000000 0.000000 0.000000 1.000000
0.999942 -0.001746 0.010649 -0.003900 0.004647 0.960308 -0.278903 14.257600 -0.009739 0.278936 0.960260 2.618200 0.000000 0.000000 0.000000 1.000000
0.999472 0.007762 0.031557 -0.003900 0.001442 0.959510 -0.281672 14.257600 -0.032465 0.281569 0.958992 2.618200 0.000000 0.000000 0.000000 1.000000
0.998050 0.019187 0.059393 -0.003900 -0.001214 0.957364 -0.288881 14.257600 -0.062404 0.288246 0.955521 2.618200 0.000000 0.000000 0.000000 1.000000
0.995495 0.030189 0.089883 -0.003900 -0.001969 0.954338 -0.298723 14.257600 -0.094797 0.297201 0.950098 2.618200 0.000000 0.000000 0.000000 1.000000
0.992333 0.038556 0.117426 -0.003900 -0.000467 0.951260 -0.308390 14.257600 -0.123593 0.305971 0.943984 2.618200 0.000000 0.000000 0.000000 1.000000
0.989509 0.043535 0.137758 -0.003900 0.002211 0.948844 -0.315738 14.257600 -0.144457 0.312730 0.938793 2.618200 0.000000 0.000000 0.000000 1.000000
0.987643 0.045877 0.149858 -0.003900 0.004539 0.947422 -0.319955 14.257600 -0.156657 0.316682 0.935506 2.618200 0.000000 0.000000 0.000000 1.000000
0.986712 0.046880 0.155570 -0.003900 0.005706 0.946883 -0.321526 14.257600 -0.162380 0.318142 0.934034 2.618200 0.000000 0.000000 0.000000 1.000000
0.986449 0.047398 0.157071 -0.003900 0.005753 0.946780 -0.321831 14.257600 -0.163965 0.318373 0.933678 2.618200 0.000000 0.000000 0.000000 1.000000
0.986678 0.047709 0.155533 -0.003900 0.005031 0.946628 -0.322289 14.257600 -0.162608 0.318778 0.933777 2.618200 0.000000 0.000000 0.000000 1.000000
0.987260 0.047809 0.151764 -0.003900 0.003855 0.946326 -0.323189 14.257600 -0.159070 0.319657 0.934086 2.618200 0.000000 0.000000 0.000000 1.000000
0.988073 0.047164 0.146583 -0.003900 0.002802 0.946272 -0.323360 14.257600 -0.153959 0.319914 0.934854 2.618200 0.000000 0.000000 0.000000 1.000000
0.989092 0.044650 0.140366 -0.003900 0.002897 0.946869 -0.321606 14.257600 -0.147268 0.318505 0.936412 2.618200 0.000000 0.000000 0.000000 1.000000
0.990337 0.039917 0.132816 -0.003900 0.004490 0.947953 -0.318379 14.257600 -0.138612 0.315899 0.938613 2.618200 0.000000 0.000000 0.000000 1.000000
0.991755 0.034483 0.123423 -0.003900 0.006241 0.948978 -0.315280 14.257600 -0.127997 0.313451 0.940939 2.618200 0.000000 0.000000 0.000000 1.000000
0.993244 0.030041 0.112091 -0.003900 0.006590 0.949754 -0.312929 14.257600 -0.115860 0.311554 0.943139 2.618200 0.000000 0.000000 0.000000 1.000000
0.994717 0.026229 0.099247 -0.003900 0.005888 0.950638 -0.310247 14.257600 -0.102486 0.309192 0.945461 2.618200 0.000000 0.000000 0.000000 1.000000
0.996116 0.021445 0.085394 -0.003900 0.005741 0.952000 -0.306043 14.257600 -0.087858 0.305345 0.948180 2.618200 0.000000 0.000000 0.000000 1.000000
0.997374 0.015058 0.070838 -0.003900 0.006935 0.953793 -0.300385 14.257600 -0.072088 0.300087 0.951184 2.618200 0.000000 0.000000 0.000000 1.000000
0.998408 0.007785 0.055866 -0.003900 0.009010 0.955701 -0.294201 14.257600 -0.055681 0.294236 0.954109 2.618200 0.000000 0.000000 0.000000 1.000000
0.999157 0.000807 0.041038 -0.003900 0.011075 0.957425 -0.288471 14.257600 -0.039523 0.288682 0.956609 2.618200 0.000000 0.000000 0.000000 1.000000
0.999614 -0.004659 0.027387 -0.003900 0.012250 0.958729 -0.284057 14.257600 -0.024933 0.284283 0.958416 2.618200 0.000000 0.000000 0.000000 1.000000
0.999839 -0.007706 0.016221 -0.003900 0.011962 0.959477 -0.281532 14.257600 -0.013395 0.281681 0.959415 2.618200 0.000000 0.000000 0.000000 1.000000
0.999929 -0.008507 0.008321 -0.003900 0.010501 0.959740 -0.280693 14.257600 -0.005598 0.280760 0.959762 2.618200 0.000000 0.000000 0.000000 1.000000
0.999960 -0.008251 0.003438 -0.003900 0.008884 0.959771 -0.280644 14.257600 -0.000984 0.280663 0.959806 2.618200 0.000000 0.000000 0.000000 1.000000
0.999968 -0.007979 0.000694 -0.003900 0.007853 0.959779 -0.280645 14.257600 0.001573 0.280642 0.959811 2.618200 0.000000 0.000000 0.000000 1.000000
0.999968 -0.007936 -0.000764 -0.003900 0.007403 0.959783 -0.280645 14.257600 0.002960 0.280631 0.959811 2.618200 0.000000 0.000000 0.000000 1.000000
0.999968 -0.007936 -0.001402 -0.003900 0.007224 0.959784 -0.280645 14.257600 0.003572 0.280626 0.959811 2.618200 0.000000 0.000000 0.000000 1.000000</float_array><technique_common><accessor source="#mixamorig_Neck-Matrix-animation-output-transform-array" count="29" stride="16"><param type="float4x4"/></accessor></technique_common></source><source id="mixamorig_Neck-Interpolations"><Name_array id="mixamorig_Neck-Interpolations-array" count="29">
 LINEAR LINEAR LINEAR LINEAR LINEAR LINEAR LINEAR LINEAR LINEAR LINEAR LINEAR
LINEAR LINEAR LINEAR LINEAR LINEAR LINEAR LINEAR LINEAR LINEAR LINEAR LINEAR LINEAR
LINEAR LINEAR LINEAR LINEAR LINEAR LINEAR</Name_array><technique_common><accessor source="#mixamorig_Neck-Interpolations-array" count="29"><param type="name"/></accessor></technique_common></source><sampler id="mixamorig_Neck-Matrix-animation-transform"><input semantic="INPUT" source="#mixamorig_Neck-Matrix-animation-input"/><input semantic="OUTPUT" source="#mixamorig_Neck-Matrix-animation-output-transform"/><input semantic="INTERPOLATION" source="#mixamorig_Neck-Interpolations"/></sampler><channel source="#mixamorig_Neck-Matrix-animation-transform" target="mixamorig_Neck/matrix"/></animation>
    <animation id="mixamorig_Head-anim" name="mixamorig_Head"><source id="mixamorig_Head-Matrix-animation-input"><float_array id="mixamorig_Head-Matrix-animation-input-array" count="29">

0.000000 0.033333 0.066667 0.100000 0.133333 0.166667 0.200000 0.233333 0.266667 0.300000 0.333333 0.366667 0.400000 0.433333 0.466667 0.500000
0.533333 0.566667 0.600000 0.633333 0.666667 0.700000 0.733333 0.766667 0.800000 0.833333 0.866667 0.900000 0.933333</float_array><technique_common><accessor source="#mixamorig_Head-Matrix-animation-input-array" count="29"><param name="TIME" type="float"/></accessor></technique_common></source><source id="mixamorig_Head-Matrix-animation-output-transform"><float_array id="mixamorig_Head-Matrix-animation-output-transform-array" count="464">

0.999711 0.001406 0.024008 -0.000500 -0.004554 0.991295 0.131584 10.387000 -0.023614 -0.131656 0.991014 1.832200 0.000000 0.000000 0.000000 1.000000
0.997986 0.011224 0.062438 -0.000500 -0.019709 0.990375 0.137000 10.387000 -0.060300 -0.137955 0.988601 1.832200 0.000000 0.000000 0.000000 1.000000
0.992694 0.025291 0.117982 -0.000500 -0.041145 0.990134 0.133946 10.387000 -0.113430 -0.137821 0.983940 1.832200 0.000000 0.000000 0.000000 1.000000
0.981562 0.041968 0.186478 -0.000500 -0.065120 0.990658 0.119819 10.387000 -0.179707 -0.129753 0.975125 1.832200 0.000000 0.000000 0.000000 1.000000
0.963976 0.058956 0.259372 -0.000500 -0.086010 0.991829 0.094219 10.387000 -0.251698 -0.113133 0.961171 1.832200 0.000000 0.000000 0.000000 1.000000
0.942349 0.074729 0.326180 -0.000500 -0.100216 0.993031 0.062023 10.387000 -0.319272 -0.091136 0.943271 1.832200 0.000000 0.000000 0.000000 1.000000
0.920984 0.088925 0.379315 -0.000500 -0.108914 0.993551 0.031521 10.387000 -0.374066 -0.070343 0.924731 1.832200 0.000000 0.000000 0.000000 1.000000
0.903345 0.101818 0.416655 -0.000500 -0.115963 0.993215 0.008708 10.387000 -0.412941 -0.056183 0.909023 1.832200 0.000000 0.000000 0.000000 1.000000
0.890664 0.113749 0.440203 -0.000500 -0.123883 0.992280 -0.005754 10.387000 -0.437459 -0.049409 0.897880 1.832200 0.000000 0.000000 0.000000 1.000000
0.883032 0.124372 0.452532 -0.000500 -0.132334 0.991104 -0.014164 10.387000 -0.450268 -0.047379 0.891635 1.832200 0.000000 0.000000 0.000000 1.000000
0.879937 0.132828 0.456145 -0.000500 -0.139636 0.990022 -0.018923 10.387000 -0.454107 -0.047043 0.889704 1.832200 0.000000 0.000000 0.000000 1.000000
0.879848 0.138581 0.454602 -0.000500 -0.144556 0.989257 -0.021787 10.387000 -0.452737 -0.046546 0.890428 1.832200 0.000000 0.000000 0.000000 1.000000
0.880883 0.141816 0.451590 -0.000500 -0.147072 0.988843 -0.023650 10.387000 -0.449905 -0.045583 0.891912 1.832200 0.000000 0.000000 0.000000 1.000000
0.881953 0.143727 0.448889 -0.000500 -0.148739 0.988578 -0.024291 10.387000 -0.447253 -0.045344 0.893257 1.832200 0.000000 0.000000 0.000000 1.000000
0.883320 0.146255 0.445372 -0.000500 -0.152180 0.988093 -0.022654 10.387000 -0.443382 -0.047766 0.895059 1.832200 0.000000 0.000000 0.000000 1.000000
0.886645 0.150149 0.437397 -0.000500 -0.158388 0.987216 -0.017822 10.387000 -0.434481 -0.053477 0.899092 1.832200 0.000000 0.000000 0.000000 1.000000
0.894120 0.152718 0.420984 -0.000500 -0.163932 0.986424 -0.009666 10.387000 -0.416745 -0.060370 0.907017 1.832200 0.000000 0.000000 0.000000 1.000000
0.906817 0.148903 0.394350 -0.000500 -0.162852 0.986649 0.001933 10.387000 -0.388797 -0.065973 0.918958 1.832200 0.000000 0.000000 0.000000 1.000000
0.923663 0.135908 0.358296 -0.000500 -0.152236 0.988187 0.017619 10.387000 -0.351669 -0.070820 0.933442 1.832200 0.000000 0.000000 0.000000 1.000000
0.941940 0.115777 0.315189 -0.000500 -0.134144 0.990266 0.037136 10.387000 -0.307822 -0.077261 0.948302 1.832200 0.000000 0.000000 0.000000 1.000000
0.959011 0.092687 0.267781 -0.000500 -0.112188 0.991967 0.058434 10.387000 -0.260214 -0.086081 0.961706 1.832200 0.000000 0.000000 0.000000 1.000000
0.973388 0.069692 0.218311 -0.000500 -0.088795 0.992917 0.078942 10.387000 -0.211263 -0.096226 0.972681 1.832200 0.000000 0.000000 0.000000 1.000000
0.984409 0.048839 0.168979 -0.000500 -0.065863 0.993136 0.096655 10.387000 -0.163098 -0.106277 0.980869 1.832200 0.000000 0.000000 0.000000 1.000000
0.991875 0.032041 0.123119 -0.000500 -0.045759 0.992849 0.110260 10.387000 -0.118705 -0.114998 0.986248 1.832200 0.000000 0.000000 0.000000 1.000000
0.996189 0.020190 0.084848 -0.000500 -0.030284 0.992383 0.119409 10.387000 -0.081791 -0.121524 0.989213 1.832200 0.000000 0.000000 0.000000 1.000000
0.998305 0.012382 0.056873 -0.000500 -0.019423 0.991970 0.124970 10.387000 -0.054869 -0.125863 0.990529 1.832200 0.000000 0.000000 0.000000 1.000000
0.999216 0.007052 0.038956 -0.000500 -0.012004 0.991651 0.128387 10.387000 -0.037725 -0.128754 0.990959 1.832200 0.000000 0.000000 0.000000 1.000000
0.999582 0.003371 0.028719 -0.000500 -0.007092 0.991427 0.130467 10.387000 -0.028034 -0.130616 0.991037 1.832200 0.000000 0.000000 0.000000 1.000000
0.999711 0.001385 0.024020 -0.000500 -0.004534 0.991299 0.131548 10.387000 -0.023629 -0.131618 0.991019 1.832200 0.000000 0.000000 0.000000 1.000000</float_array><technique_common><accessor source="#mixamorig_Head-Matrix-animation-output-transform-array" count="29" stride="16"><param type="float4x4"/></accessor></technique_common></source><source id="mixamorig_Head-Interpolations"><Name_array id="mixamorig_Head-Interpolations-array" count="29">
 LINEAR LINEAR LINEAR LINEAR LINEAR LINEAR LINEAR LINEAR LINEAR LINEAR LINEAR
LINEAR LINEAR LINEAR LINEAR LINEAR LINEAR LINEAR LINEAR LINEAR LINEAR LINEAR LINEAR
LINEAR LINEAR LINEAR LINEAR LINEAR LINEAR</Name_array><technique_common><accessor source="#mixamorig_Head-Interpolations-array" count="29"><param type="name"/></accessor></technique_common></source><sampler id="mixamorig_Head-Matrix-animation-transform"><input semantic="INPUT" source="#mixamorig_Head-Matrix-animation-input"/><input semantic="OUTPUT" source="#mixamorig_Head-Matrix-animation-output-transform"/><input semantic="INTERPOLATION" source="#mixamorig_Head-Interpolations"/></sampler><channel source="#mixamorig_Head-Matrix-animation-transform" target="mixamorig_Head/matrix"/></animation>
    <animation id="mixamorig_LeftShoulder-anim" name="mixamorig_LeftShoulder"><source id="mixamorig_LeftShoulder-Matrix-animation-input"><float_array id="mixamorig_LeftShoulder-Matrix-animation-input-array" count="29">

0.000000 0.033333 0.066667 0.100000 0.133333 0.166667 0.200000 0.233333 0.266667 0.300000 0.333333 0.366667 0.400000 0.433333 0.466667 0.500000
0.533333 0.566667 0.600000 0.633333 0.666667 0.700000 0.733333 0.766667 0.800000 0.833333 0.866667 0.900000 0.933333</float_array><technique_common><accessor source="#mixamorig_LeftShoulder-Matrix-animation-input-array" count="29"><param name="TIME" type="float"/></accessor></technique_common></source><source id="mixamorig_LeftShoulder-Matrix-animation-output-transform"><float_array id="mixamorig_LeftShoulder-Matrix-animation-output-transform-array" count="464">

0.093456 0.979833 -0.176618 5.443200 0.403616 -0.199449 -0.892924 8.452300 -0.910143 0.012163 -0.414116 1.674300 0.000000 0.000000 0.000000 1.000000
0.096333 0.978916 -0.180122 5.443200 0.403489 -0.203834 -0.891991 8.452300 -0.909899 0.013251 -0.414618 1.674300 0.000000 0.000000 0.000000 1.000000
0.100457 0.977406 -0.185971 5.443200 0.403322 -0.210875 -0.890429 8.452300 -0.909527 0.014444 -0.415393 1.674300 0.000000 0.000000 0.000000 1.000000
0.104287 0.975592 -0.193246 5.443200 0.403157 -0.219094 -0.888517 8.452300 -0.909169 0.014752 -0.416165 1.674300 0.000000 0.000000 0.000000 1.000000
0.106434 0.973864 -0.200651 5.443200 0.403089 -0.226731 -0.886630 8.452300 -0.908950 0.013487 -0.416686 1.674300 0.000000 0.000000 0.000000 1.000000
0.106864 0.972329 -0.207741 5.443200 0.403187 -0.233366 -0.884862 8.452300 -0.908856 0.010802 -0.416969 1.674300 0.000000 0.000000 0.000000 1.000000
0.106510 0.970735 -0.215242 5.443200 0.403430 -0.240045 -0.882962 8.452300 -0.908790 0.007209 -0.417191 1.674300 0.000000 0.000000 0.000000 1.000000
0.106294 0.968871 -0.223585 5.443200 0.403673 -0.247542 -0.880778 8.452300 -0.908708 0.003366 -0.417420 1.674300 0.000000 0.000000 0.000000 1.000000
0.106942 0.966799 -0.232083 5.443200 0.403752 -0.255536 -0.878456 8.452300 -0.908597 0.000240 -0.417674 1.674300 0.000000 0.000000 0.000000 1.000000
0.107944 0.964676 -0.240307 5.443200 0.403999 -0.263425 -0.876009 8.452300 -0.908368 -0.002524 -0.418164 1.674300 0.000000 0.000000 0.000000 1.000000
0.105980 0.962528 -0.249615 5.443200 0.405770 -0.271039 -0.872862 8.452300 -0.907810 -0.008780 -0.419290 1.674300 0.000000 0.000000 0.000000 1.000000
