<?xml version="1.0" encoding="utf-8"?>
<COLLADA xmlns="http://www.collada.org/2005/11/COLLADASchema" version="1.4.1">
  <asset><contributor><author>Mixamo</author><authoring_tool>COLLADA Mixamo exporter</authoring_tool><comments></comments></contributor><created>2015-09-12T17:58:38Z</created><modified>2015-09-12T17:58:38Z</modified><revision></revision><title></title><unit meter="0.010000"/><up_axis>Y_UP</up_axis></asset>
  <library_animations>
    <animation id="mixamorig_Hips-anim" name="mixamorig_Hips"><source id="mixamorig_Hips-Matrix-animation-input"><float_array id="mixamorig_Hips-Matrix-animation-input-array" count="32">

0.000000 0.033333 0.066667 0.100000 0.133333 0.166667 0.200000 0.233333 0.266667 0.300000 0.333333 0.366667 0.400000 0.433333 0.466667 0.500000
0.533333 0.566667 0.600000 0.633333 0.666667 0.700000 0.733333 0.766667 0.800000 0.833333 0.866667 0.900000 0.933333 0.966667 1.000000 1.033333</float_array><technique_common><accessor source="#mixamorig_Hips-Matrix-animation-input-array" count="32"><param name="TIME" type="float"/></accessor></technique_common></source><source id="mixamorig_Hips-Matrix-animation-output-transform"><float_array id="mixamorig_Hips-Matrix-animation-output-transform-array" count="512">

0.404319 0.132914 0.904909 0.680631 -0.035374 0.990917 -0.129742 99.923218 -0.913934 0.020447 0.405348 0.153596 0.000000 0.000000 0.000000 1.000000
0.405013 0.126063 0.905579 5.390405 -0.012463 0.991118 -0.132397 100.622169 -0.914226 0.042337 0.402987 0.663675 0.000000 0.000000 0.000000 1.000000
0.410583 0.128259 0.902757 10.178040 -0.008416 0.990549 -0.136904 100.779778 -0.911784 0.048613 0.407782 1.020005 0.000000 0.000000 0.000000 1.000000
0.420598 0.137843 0.896715 15.236056 -0.022922 0.989689 -0.141384 100.355896 -0.906958 0.038911 0.419421 1.229995 0.000000 0.000000 0.000000 1.000000
0.439536 0.151885 0.885290 20.753788 -0.053304 0.988273 -0.143089 99.237404 -0.896642 0.015703 0.442478 1.298424 0.000000 0.000000 0.000000 1.000000
0.465329 0.160453 0.870474 26.661644 -0.084962 0.986988 -0.136512 97.569778 -0.881051 -0.010434 0.472906 1.339566 0.000000 0.000000 0.000000 1.000000
0.482013 0.160606 0.861318 32.183186 -0.096029 0.986818 -0.130268 95.966721 -0.870886 -0.019921 0.491082 1.432251 0.000000 0.000000 0.000000 1.000000
0.486872 0.150128 0.860475 37.582756 -0.081532 0.988629 -0.126355 94.369949 -0.869660 -0.008637 0.493576 1.470184 0.000000 0.000000 0.000000 1.000000
0.488059 0.124944 0.863821 43.739975 -0.051892 0.992104 -0.114180 93.370575 -0.871267 0.010901 0.490689 1.286016 0.000000 0.000000 0.000000 1.000000
0.485577 0.107996 0.867498 50.534073 -0.030817 0.993838 -0.106474 93.281586 -0.873651 0.024967 0.485913 0.780011 0.000000 0.000000 0.000000 1.000000
0.483068 0.102582 0.869553 56.818020 -0.010310 0.993711 -0.111501 92.761459 -0.875522 0.044897 0.481088 0.321436 0.000000 0.000000 0.000000 1.000000
0.484807 0.088195 0.870163 62.706875 0.015894 0.993850 -0.109587 92.977646 -0.874477 0.066959 0.480423 -0.048715 0.000000 0.000000 0.000000 1.000000
0.492541 0.070182 0.867455 68.402153 0.039066 0.993955 -0.102599 93.844162 -0.869412 0.084422 0.486822 -0.296490 0.000000 0.000000 0.000000 1.000000
0.481383 0.065619 0.874051 74.001984 0.042268 0.994296 -0.097925 95.316330 -0.875491 0.084084 0.475863 -0.419593 0.000000 0.000000 0.000000 1.000000
0.455634 0.064294 0.887842 79.568184 0.038224 0.995055 -0.091674 97.058197 -0.889346 0.075706 0.450923 -0.375825 0.000000 0.000000 0.000000 1.000000
0.435288 0.063335 0.898061 85.077003 0.030765 0.995893 -0.085146 98.669205 -0.899766 0.064692 0.431552 -0.229845 0.000000 0.000000 0.000000 1.000000
0.416481 0.068129 0.906588 90.466309 0.015404 0.996516 -0.081964 99.892319 -0.909014 0.048102 0.413981 -0.080629 0.000000 0.000000 0.000000 1.000000
0.388561 0.079768 0.917964 95.811569 -0.001669 0.996305 -0.085869 100.350586 -0.921422 0.031833 0.387258 0.145047 0.000000 0.000000 0.000000 1.000000
0.353165 0.091235 0.931102 101.224785 -0.005209 0.995410 -0.095560 100.042061 -0.935547 0.028898 0.352019 0.476940 0.000000 0.000000 0.000000 1.000000
0.304447 0.096203 0.947659 106.748505 0.005117 0.994707 -0.102623 99.100418 -0.952516 0.036093 0.302343 0.814731 0.000000 0.000000 0.000000 1.000000
0.230104 0.094934 0.968524 112.727287 0.026424 0.994254 -0.103734 97.296799 -0.972807 0.049462 0.226273 1.096879 0.000000 0.000000 0.000000 1.000000
0.153962 0.092939 0.983696 118.777740 0.049671 0.993580 -0.101647 95.321632 -0.986828 0.064511 0.148357 1.244304 0.000000 0.000000 0.000000 1.000000
0.104779 0.094559 0.989990 124.538055 0.059310 0.993103 -0.101133 93.692856 -0.992725 0.069313 0.098448 1.198277 0.000000 0.000000 0.000000 1.000000
0.099418 0.100377 0.989970 130.612320 0.047447 0.993289 -0.105479 92.398720 -0.993914 0.057458 0.093988 1.107027 0.000000 0.000000 0.000000 1.000000
0.125239 0.106685 0.986374 136.955002 0.018501 0.993778 -0.109835 91.865921 -0.991954 0.032005 0.122486 1.037995 0.000000 0.000000 0.000000 1.000000
0.175691 0.116980 0.977470 143.149872 -0.030182 0.993088 -0.113425 92.316864 -0.983983 -0.009574 0.178007 0.795927 0.000000 0.000000 0.000000 1.000000
0.230205 0.127031 0.964815 149.029251 -0.071417 0.990975 -0.113436 93.102264 -0.970518 -0.042790 0.237199 0.590435 0.000000 0.000000 0.000000 1.000000
0.281752 0.134665 0.949990 154.323059 -0.096437 0.989063 -0.111602 94.175438 -0.954629 -0.060171 0.291657 0.621391 0.000000 0.000000 0.000000 1.000000
0.323325 0.139199 0.935994 159.560165 -0.106399 0.988197 -0.110209 95.524376 -0.940287 -0.063955 0.334319 0.564850 0.000000 0.000000 0.000000 1.000000
0.359399 0.136132 0.923201 164.734055 -0.086290 0.989912 -0.112376 97.074112 -0.929186 -0.039276 0.367520 0.370888 0.000000 0.000000 0.000000 1.000000
0.389806 0.132666 0.911291 169.834213 -0.059602 0.991128 -0.118794 98.617020 -0.918966 -0.008009 0.394255 0.189264 0.000000 0.000000 0.000000 1.000000
0.404319 0.132914 0.904909 174.765579 -0.035373 0.990917 -0.129742 99.923241 -0.913934 0.020448 0.405348 0.153601 0.000000 0.000000 0.000000 1.000000</float_array><technique_common><accessor source="#mixamorig_Hips-Matrix-animation-output-transform-array" count="32" stride="16"><param type="float4x4"/></accessor></technique_common></source><source id="mixamorig_Hips-Interpolations"><Name_array id="mixamorig_Hips-Interpolations-array" count="32">
 LINEAR LINEAR LINEAR LINEAR LINEAR LINEAR LINEAR LINEAR LINEAR LINEAR LINEAR
LINEAR LINEAR LINEAR LINEAR LINEAR LINEAR LINEAR LINEAR LINEAR LINEAR LINEAR LINEAR
LINEAR LINEAR LINEAR LINEAR LINEAR LINEAR LINEAR LINEAR LINEAR</Name_array><technique_common><accessor source="#mixamorig_Hips-Interpolations-array" count="32"><param type="name"/></accessor></technique_common></source><sampler id="mixamorig_Hips-Matrix-animation-transform"><input semantic="INPUT" source="#mixamorig_Hips-Matrix-animation-input"/><input semantic="OUTPUT" source="#mixamorig_Hips-Matrix-animation-output-transform"/><input semantic="INTERPOLATION" source="#mixamorig_Hips-Interpolations"/></sampler><channel source="#mixamorig_Hips-Matrix-animation-transform" target="mixamorig_Hips/matrix"/></animation>
    <animation id="mixamorig_Spine-anim" name="mixamorig_Spine"><source id="mixamorig_Spine-Matrix-animation-input"><float_array id="mixamorig_Spine-Matrix-animation-input-array" count="32">

0.000000 0.033333 0.066667 0.100000 0.133333 0.166667 0.200000 0.233333 0.266667 0.300000 0.333333 0.366667 0.400000 0.433333 0.466667 0.500000
0.533333 0.566667 0.600000 0.633333 0.666667 0.700000 0.733333 0.766667 0.800000 0.833333 0.866667 0.900000 0.933333 0.966667 1.000000 1.033333</float_array><technique_common><accessor source="#mixamorig_Spine-Matrix-animation-input-array" count="32"><param name="TIME" type="float"/></accessor></technique_common></source><source id="mixamorig_Spine-Matrix-animation-output-transform"><float_array id="mixamorig_Spine-Matrix-animation-output-transform-array" count="512">

0.990726 -0.015621 -0.134977 0.003800 0.022041 0.998689 0.046205 9.469100 0.134078 -0.048752 0.989771 -0.797400 0.000000 0.000000 0.000000 1.000000
0.991993 0.012828 -0.125637 0.003800 -0.006621 0.998742 0.049699 9.469100 0.126116 -0.048470 0.990831 -0.797400 0.000000 0.000000 0.000000 1.000000
0.993479 0.019943 -0.112262 0.003800 -0.014278 0.998594 0.051044 9.469100 0.113122 -0.049109 0.992367 -0.797400 0.000000 0.000000 0.000000 1.000000
0.995553 0.005232 -0.094062 0.003800 -0.000340 0.998649 0.051955 9.469100 0.094207 -0.051692 0.994210 -0.797400 0.000000 0.000000 0.000000 1.000000
0.997309 -0.026016 -0.068547 0.003800 0.029793 0.998060 0.054665 9.469100 0.066992 -0.056560 0.996149 -0.797400 0.000000 0.000000 0.000000 1.000000
0.997646 -0.053414 -0.043011 0.003800 0.055805 0.996845 0.056445 9.469100 0.039860 -0.058713 0.997479 -0.797400 0.000000 0.000000 0.000000 1.000000
0.998182 -0.052686 -0.029268 0.003800 0.054219 0.997051 0.054307 9.469100 0.026320 -0.055795 0.998095 -0.797400 0.000000 0.000000 0.000000 1.000000
0.999365 -0.026135 -0.024216 0.003800 0.027346 0.998319 0.051096 9.469100 0.022839 -0.051726 0.998400 -0.797400 0.000000 0.000000 0.000000 1.000000
0.999657 0.005968 -0.025508 0.003800 -0.004728 0.998818 0.048373 9.469100 0.025766 -0.048236 0.998504 -0.797400 0.000000 0.000000 0.000000 1.000000
0.999159 0.019179 -0.036249 0.003800 -0.017187 0.998366 0.054494 9.469100 0.037235 -0.053826 0.997856 -0.797400 0.000000 0.000000 0.000000 1.000000
0.998396 0.037750 -0.042197 0.003800 -0.035139 0.997520 0.060983 9.469100 0.044395 -0.059402 0.997246 -0.797400 0.000000 0.000000 0.000000 1.000000
0.997246 0.059460 -0.044329 0.003800 -0.056812 0.996654 0.058761 9.469100 0.047675 -0.056080 0.997287 -0.797400 0.000000 0.000000 0.000000 1.000000
0.995909 0.076257 -0.048479 0.003800 -0.073556 0.995759 0.055252 9.469100 0.052487 -0.051460 0.997295 -0.797400 0.000000 0.000000 0.000000 1.000000
0.995241 0.070833 -0.066913 0.003800 -0.067228 0.996238 0.054685 9.469100 0.070535 -0.049926 0.996259 -0.797400 0.000000 0.000000 0.000000 1.000000
0.994333 0.056981 -0.089747 0.003800 -0.052293 0.997184 0.053752 9.469100 0.092557 -0.048755 0.994513 -0.797400 0.000000 0.000000 0.000000 1.000000
0.993587 0.042055 -0.104955 0.003800 -0.036712 0.997955 0.052331 9.469100 0.106942 -0.048142 0.993099 -0.797400 0.000000 0.000000 0.000000 1.000000
0.992721 0.021872 -0.118431 0.003800 -0.016017 0.998613 0.050165 9.469100 0.119364 -0.047903 0.991694 -0.797400 0.000000 0.000000 0.000000 1.000000
0.990212 0.001797 -0.139558 0.003800 0.005201 0.998747 0.049764 9.469100 0.139473 -0.050003 0.988963 -0.797400 0.000000 0.000000 0.000000 1.000000
0.985542 -0.001961 -0.169420 0.003800 0.011327 0.998458 0.054337 9.469100 0.169052 -0.055470 0.984045 -0.797400 0.000000 0.000000 0.000000 1.000000
0.977444 0.006911 -0.211081 0.003800 0.005844 0.998197 0.059740 9.469100 0.211113 -0.059626 0.975641 -0.797400 0.000000 0.000000 0.000000 1.000000
0.962288 0.020357 -0.271272 0.003800 -0.001885 0.997671 0.068181 9.469100 0.272028 -0.065099 0.960085 -0.797400 0.000000 0.000000 0.000000 1.000000
0.944647 0.033247 -0.326400 0.003800 -0.009748 0.997257 0.073368 9.469100 0.327944 -0.066125 0.942380 -0.797400 0.000000 0.000000 0.000000 1.000000
0.931758 0.033687 -0.361515 0.003800 -0.009467 0.997602 0.068560 9.469100 0.362958 -0.060459 0.929842 -0.797400 0.000000 0.000000 0.000000 1.000000
0.929780 0.017194 -0.367715 0.003800 0.007535 0.997810 0.065708 9.469100 0.368039 -0.063865 0.927614 -0.797400 0.000000 0.000000 0.000000 1.000000
0.934253 -0.011029 -0.356440 0.003800 0.035357 0.997461 0.061810 9.469100 0.354853 -0.070349 0.932271 -0.797400 0.000000 0.000000 0.000000 1.000000
0.939985 -0.059434 -0.336000 0.003800 0.079857 0.995684 0.047281 9.469100 0.331739 -0.071276 0.940675 -0.797400 0.000000 0.000000 0.000000 1.000000
0.946342 -0.096789 -0.308332 0.003800 0.113483 0.992864 0.036634 9.469100 0.302586 -0.069658 0.950573 -0.797400 0.000000 0.000000 0.000000 1.000000
0.959684 -0.108338 -0.259362 0.003800 0.120607 0.992190 0.031820 9.469100 0.253889 -0.061818 0.965256 -0.797400 0.000000 0.000000 0.000000 1.000000
0.971303 -0.107681 -0.212072 0.003800 0.116885 0.992651 0.031319 9.469100 0.207141 -0.055209 0.976752 -0.797400 0.000000 0.000000 0.000000 1.000000
0.980454 -0.081812 -0.178930 0.003800 0.089426 0.995382 0.034896 9.469100 0.175249 -0.050215 0.983243 -0.797400 0.000000 0.000000 0.000000 1.000000
0.987292 -0.048743 -0.151258 0.003800 0.055485 0.997631 0.040671 9.469100 0.148917 -0.048547 0.987657 -0.797400 0.000000 0.000000 0.000000 1.000000
0.990726 -0.015620 -0.134977 0.003800 0.022040 0.998689 0.046205 9.469100 0.134078 -0.048752 0.989771 -0.797400 0.000000 0.000000 0.000000 1.000000</float_array><technique_common><accessor source="#mixamorig_Spine-Matrix-animation-output-transform-array" count="32" stride="16"><param type="float4x4"/></accessor></technique_common></source><source id="mixamorig_Spine-Interpolations"><Name_array id="mixamorig_Spine-Interpolations-array" count="32">
 LINEAR LINEAR LINEAR LINEAR LINEAR LINEAR LINEAR LINEAR LINEAR LINEAR LINEAR
LINEAR LINEAR LINEAR LINEAR LINEAR LINEAR LINEAR LINEAR LINEAR LINEAR LINEAR LINEAR
LINEAR LINEAR LINEAR LINEAR LINEAR LINEAR LINEAR LINEAR LINEAR</Name_array><technique_common><accessor source="#mixamorig_Spine-Interpolations-array" count="32"><param type="name"/></accessor></technique_common></source><sampler id="mixamorig_Spine-Matrix-animation-transform"><input semantic="INPUT" source="#mixamorig_Spine-Matrix-animation-input"/><input semantic="OUTPUT" source="#mixamorig_Spine-Matrix-animation-output-transform"/><input semantic="INTERPOLATION" source="#mixamorig_Spine-Interpolations"/></sampler><channel source="#mixamorig_Spine-Matrix-animation-transform" target="mixamorig_Spine/matrix"/></animation>
    <animation id="mixamorig_Spine1-anim" name="mixamorig_Spine1"><source id="mixamorig_Spine1-Matrix-animation-input"><float_array id="mixamorig_Spine1-Matrix-animation-input-array" count="32">

0.000000 0.033333 0.066667 0.100000 0.133333 0.166667 0.200000 0.233333 0.266667 0.300000 0.333333 0.366667 0.400000 0.433333 0.466667 0.500000
0.533333 0.566667 0.600000 0.633333 0.666667 0.700000 0.733333 0.766667 0.800000 0.833333 0.866667 0.900000 0.933333 0.966667 1.000000 1.033333</float_array><technique_common><accessor source="#mixamorig_Spine1-Matrix-animation-input-array" count="32"><param name="TIME" type="float"/></accessor></technique_common></source><source id="mixamorig_Spine1-Matrix-animation-output-transform"><float_array id="mixamorig_Spine1-Matrix-animation-output-transform-array" count="512">

0.995733 -0.009330 -0.091807 0.000000 0.005665 0.999179 -0.040105 10.885900 0.092106 0.039413 0.994969 -0.000000 0.000000 0.000000 0.000000 1.000000
0.996380 -0.001233 -0.084997 -0.000000 -0.002160 0.999205 -0.039812 10.885900 0.084979 0.039852 0.995585 0.000000 0.000000 0.000000 0.000000 1.000000
0.996742 0.003643 -0.080579 -0.000000 -0.006833 0.999202 -0.039350 10.885900 0.080371 0.039772 0.995971 -0.000000 0.000000 0.000000 0.000000 1.000000
0.997026 0.003602 -0.076987 0.000000 -0.006516 0.999270 -0.037632 10.885900 0.076795 0.038022 0.996322 -0.000000 0.000000 0.000000 0.000000 1.000000
0.997469 -0.002956 -0.071044 -0.000000 0.000584 0.999442 -0.033389 10.885900 0.071103 0.033263 0.996914 0.000000 0.000000 0.000000 0.000000 1.000000
0.997886 -0.011281 -0.064000 0.000000 0.009341 0.999490 -0.030531 10.885900 0.064312 0.029868 0.997483 0.000000 0.000000 0.000000 0.000000 1.000000
0.998208 -0.014100 -0.058158 -0.000000 0.012233 0.999402 -0.032336 10.885900 0.058579 0.031567 0.997784 0.000000 0.000000 0.000000 0.000000 1.000000
0.998462 -0.008284 -0.054824 0.000000 0.006336 0.999346 -0.035607 10.885900 0.055083 0.035204 0.997861 0.000000 0.000000 0.000000 0.000000 1.000000
0.998545 0.002598 -0.053858 -0.000000 -0.004696 0.999233 -0.038871 10.885900 0.053716 0.039068 0.997792 0.000000 0.000000 0.000000 0.000000 1.000000
0.998390 0.008843 -0.056020 0.000000 -0.010895 0.999276 -0.036439 10.885900 0.055657 0.036991 0.997764 0.000000 0.000000 0.000000 0.000000 1.000000
0.998121 0.015483 -0.059282 0.000000 -0.017492 0.999285 -0.033518 10.885900 0.058721 0.034492 0.997678 0.000000 0.000000 0.000000 0.000000 1.000000
0.998013 0.026025 -0.057385 0.000000 -0.028096 0.998972 -0.035584 10.885900 0.056400 0.037125 0.997718 -0.000000 0.000000 0.000000 0.000000 1.000000
0.997961 0.032892 -0.054700 0.000000 -0.034990 0.998671 -0.037845 10.885900 0.053382 0.039682 0.997785 0.000000 0.000000 0.000000 0.000000 1.000000
0.997637 0.029744 -0.061928 -0.000000 -0.032128 0.998766 -0.037868 10.885900 0.060726 0.039768 0.997362 0.000000 0.000000 0.000000 0.000000 1.000000
0.997089 0.024679 -0.072146 -0.000000 -0.027449 0.998914 -0.037648 10.885900 0.071138 0.039518 0.996683 0.000000 0.000000 0.000000 0.000000 1.000000
0.996863 0.019882 -0.076608 0.000000 -0.022824 0.999028 -0.037718 10.885900 0.075784 0.039348 0.996348 0.000000 0.000000 0.000000 0.000000 1.000000
0.996725 0.012624 -0.079876 -0.000000 -0.015737 0.999136 -0.038466 10.885900 0.079321 0.039597 0.996062 -0.000000 0.000000 0.000000 0.000000 1.000000
0.996262 0.004198 -0.086282 0.000000 -0.007470 0.999263 -0.037639 10.885900 0.086061 0.038142 0.995559 0.000000 0.000000 0.000000 0.000000 1.000000
0.995510 -0.000410 -0.094655 0.000000 -0.002795 0.999427 -0.033722 10.885900 0.094614 0.033835 0.994939 0.000000 0.000000 0.000000 0.000000 1.000000
0.994655 0.001470 -0.103245 0.000000 -0.004461 0.999577 -0.028751 10.885900 0.103159 0.029058 0.994240 0.000000 0.000000 0.000000 0.000000 1.000000
0.993661 0.006591 -0.112228 0.000000 -0.009240 0.999691 -0.023095 10.885900 0.112041 0.023985 0.993414 0.000000 0.000000 0.000000 0.000000 1.000000
0.992603 0.011431 -0.120868 0.000000 -0.013874 0.999716 -0.019388 10.885900 0.120612 0.020921 0.992479 0.000000 0.000000 0.000000 0.000000 1.000000
0.991980 0.011536 -0.125868 -0.000000 -0.014336 0.999669 -0.021361 10.885900 0.125580 0.022994 0.991817 0.000000 0.000000 0.000000 0.000000 1.000000
0.991752 0.004617 -0.128086 0.000000 -0.007782 0.999676 -0.024218 10.885900 0.127933 0.025015 0.991467 0.000000 0.000000 0.000000 0.000000 1.000000
0.991756 -0.006239 -0.127990 0.000000 0.003240 0.999716 -0.023628 10.885900 0.128102 0.023018 0.991494 0.000000 0.000000 0.000000 0.000000 1.000000
0.992146 -0.018919 -0.123647 0.000000 0.015636 0.999500 -0.027466 10.885900 0.124105 0.025317 0.991946 0.000000 0.000000 0.000000 0.000000 1.000000
0.992065 -0.027948 -0.122581 -0.000000 0.024042 0.999159 -0.033230 10.885900 0.123406 0.030019 0.991902 0.000000 0.000000 0.000000 0.000000 1.000000
0.991298 -0.031184 -0.127886 0.000000 0.026603 0.998947 -0.037378 10.885900 0.128917 0.033650 0.991084 0.000000 0.000000 0.000000 0.000000 1.000000
0.991402 -0.030670 -0.127206 0.000000 0.025914 0.998908 -0.038875 10.885900 0.128260 0.035244 0.991114 0.000000 0.000000 0.000000 0.000000 1.000000
0.992888 -0.024734 -0.116459 -0.000000 0.020162 0.998985 -0.040278 10.885900 0.117337 0.037643 0.992379 0.000000 0.000000 0.000000 0.000000 1.000000
0.994477 -0.017495 -0.103491 0.000000 0.013364 0.999091 -0.040472 10.885900 0.104105 0.038865 0.993807 0.000000 0.000000 0.000000 0.000000 1.000000
0.995733 -0.009330 -0.091807 -0.000000 0.005665 0.999179 -0.040104 10.885900 0.092106 0.039413 0.994969 0.000000 0.000000 0.000000 0.000000 1.000000</float_array><technique_common><accessor source="#mixamorig_Spine1-Matrix-animation-output-transform-array" count="32" stride="16"><param type="float4x4"/></accessor></technique_common></source><source id="mixamorig_Spine1-Interpolations"><Name_array id="mixamorig_Spine1-Interpolations-array" count="32">
 LINEAR LINEAR LINEAR LINEAR LINEAR LINEAR LINEAR LINEAR LINEAR LINEAR LINEAR
LINEAR LINEAR LINEAR LINEAR LINEAR LINEAR LINEAR LINEAR LINEAR LINEAR LINEAR LINEAR
LINEAR LINEAR LINEAR LINEAR LINEAR LINEAR LINEAR LINEAR LINEAR</Name_array><technique_common><accessor source="#mixamorig_Spine1-Interpolations-array" count="32"><param type="name"/></accessor></technique_common></source><sampler id="mixamorig_Spine1-Matrix-animation-transform"><input semantic="INPUT" source="#mixamorig_Spine1-Matrix-animation-input"/><input semantic="OUTPUT" source="#mixamorig_Spine1-Matrix-animation-output-transform"/><input semantic="INTERPOLATION" source="#mixamorig_Spine1-Interpolations"/></sampler><channel source="#mixamorig_Spine1-Matrix-animation-transform" target="mixamorig_Spine1/matrix"/></animation>
    <animation id="mixamorig_Spine2-anim" name="mixamorig_Spine2"><source id="mixamorig_Spine2-Matrix-animation-input"><float_array id="mixamorig_Spine2-Matrix-animation-input-array" count="32">

0.000000 0.033333 0.066667 0.100000 0.133333 0.166667 0.200000 0.233333 0.266667 0.300000 0.333333 0.366667 0.400000 0.433333 0.466667 0.500000
0.533333 0.566667 0.600000 0.633333 0.666667 0.700000 0.733333 0.766667 0.800000 0.833333 0.866667 0.900000 0.933333 0.966667 1.000000 1.033333</float_array><technique_common><accessor source="#mixamorig_Spine2-Matrix-animation-input-array" count="32"><param name="TIME" type="float"/></accessor></technique_common></source><source id="mixamorig_Spine2-Matrix-animation-output-transform"><float_array id="mixamorig_Spine2-Matrix-animation-output-transform-array" count="512">

0.995699 -0.008698 -0.092237 0.000000 0.001886 0.997280 -0.073686 12.834400 0.092627 0.073195 0.993007 0.000000 0.000000 0.000000 0.000000 1.000000
0.996337 -0.000543 -0.085515 -0.000000 -0.005749 0.997292 -0.073322 12.834400 0.085323 0.073545 0.993635 -0.000000 0.000000 0.000000 0.000000 1.000000
0.996702 0.004420 -0.081031 0.000000 -0.010352 0.997284 -0.072923 12.834400 0.080489 0.073521 0.994040 0.000000 0.000000 0.000000 0.000000 1.000000
0.997005 0.004362 -0.077216 -0.000000 -0.009895 0.997397 -0.071427 12.834400 0.076703 0.071978 0.994453 0.000000 0.000000 0.000000 0.000000 1.000000
0.997481 -0.002417 -0.070889 0.000000 -0.002385 0.997711 -0.067580 12.834400 0.070890 0.067578 0.995192 0.000000 0.000000 0.000000 0.000000 1.000000
0.997921 -0.011029 -0.063497 0.000000 0.006891 0.997860 -0.065030 12.834400 0.064078 0.064457 0.995861 -0.000000 0.000000 0.000000 0.000000 1.000000
0.998238 -0.013864 -0.057701 0.000000 0.009998 0.997718 -0.066774 12.834400 0.058495 0.066079 0.996098 0.000000 0.000000 0.000000 0.000000 1.000000
0.998470 -0.007911 -0.054720 0.000000 0.004079 0.997553 -0.069792 12.834400 0.055138 0.069462 0.996060 -0.000000 0.000000 0.000000 0.000000 1.000000
0.998535 0.003124 -0.054027 0.000000 -0.007062 0.997317 -0.072862 12.834400 0.053655 0.073136 0.995878 -0.000000 0.000000 0.000000 0.000000 1.000000
0.998374 0.009530 -0.056197 0.000000 -0.013483 0.997428 -0.070389 12.834400 0.055382 0.071033 0.995935 0.000000 0.000000 0.000000 0.000000 1.000000
0.998082 0.016419 -0.059683 -0.000000 -0.020427 0.997532 -0.067174 12.834400 0.058433 0.068265 0.995955 0.000000 0.000000 0.000000 0.000000 1.000000
0.997958 0.027001 -0.057891 -0.000000 -0.030985 0.997130 -0.069070 12.834400 0.055860 0.070723 0.995931 0.000000 0.000000 0.000000 0.000000 1.000000
0.997908 0.033760 -0.055141 0.000000 -0.037665 0.996737 -0.071396 12.834400 0.052550 0.073324 0.995923 0.000000 0.000000 0.000000 0.000000 1.000000
0.997596 0.030535 -0.062213 0.000000 -0.034969 0.996830 -0.071469 12.834400 0.059834 0.073473 0.995501 0.000000 0.000000 0.000000 0.000000 1.000000
0.997056 0.025384 -0.072349 0.000000 -0.030556 0.996987 -0.071296 12.834400 0.070321 0.073297 0.994828 0.000000 0.000000 0.000000 0.000000 1.000000
0.996831 0.020516 -0.076863 -0.000000 -0.026030 0.997106 -0.071432 12.834400 0.075175 0.073207 0.994479 0.000000 0.000000 0.000000 0.000000 1.000000
0.996688 0.013288 -0.080226 0.000000 -0.019098 0.997215 -0.072093 12.834400 0.079045 0.073387 0.994166 0.000000 0.000000 0.000000 0.000000 1.000000
0.996217 0.004861 -0.086768 0.000000 -0.011059 0.997408 -0.071100 12.834400 0.086198 0.071790 0.993688 0.000000 0.000000 0.000000 0.000000 1.000000
0.995443 0.000090 -0.095353 0.000000 -0.006493 0.997743 -0.066833 12.834400 0.095132 0.067147 0.993197 0.000000 0.000000 0.000000 0.000000 1.000000
0.994567 0.001687 -0.104088 0.000000 -0.008128 0.998075 -0.061490 12.834400 0.103784 0.062002 0.992665 0.000000 0.000000 0.000000 0.000000 1.000000
0.993566 0.006193 -0.113086 -0.000000 -0.012571 0.998364 -0.055772 12.834400 0.112556 0.056835 0.992019 -0.000000 0.000000 0.000000 0.000000 1.000000
0.992504 0.010575 -0.121754 0.000000 -0.017021 0.998501 -0.052028 12.834400 0.121022 0.053711 0.991196 0.000000 0.000000 0.000000 0.000000 1.000000
0.991876 0.010921 -0.126737 -0.000000 -0.017871 0.998390 -0.053831 12.834400 0.125946 0.055659 0.990475 0.000000 0.000000 0.000000 0.000000 1.000000
0.991658 0.004362 -0.128826 0.000000 -0.011751 0.998325 -0.056648 12.834400 0.128363 0.057690 0.990048 0.000000 0.000000 0.000000 0.000000 1.000000
0.991672 -0.006031 -0.128644 0.000000 -0.001186 0.998433 -0.055946 12.834400 0.128780 0.055633 0.990111 -0.000000 0.000000 0.000000 0.000000 1.000000
0.992077 -0.017999 -0.124335 -0.000000 0.010613 0.998153 -0.059810 12.834400 0.125182 0.058017 0.990436 -0.000000 0.000000 0.000000 0.000000 1.000000
0.992013 -0.026834 -0.123248 0.000000 0.018813 0.997656 -0.065796 12.834400 0.124724 0.062952 0.990192 0.000000 0.000000 0.000000 0.000000 1.000000
0.991252 -0.030034 -0.128522 0.000000 0.021150 0.997327 -0.069940 12.834400 0.130279 0.066610 0.989237 0.000000 0.000000 0.000000 0.000000 1.000000
0.991370 -0.029825 -0.127657 0.000000 0.020764 0.997208 -0.071730 12.834400 0.129440 0.068461 0.989221 0.000000 0.000000 0.000000 0.000000 1.000000
0.992859 -0.024161 -0.116820 0.000000 0.015622 0.997175 -0.073467 12.834400 0.118265 0.071118 0.990432 0.000000 0.000000 0.000000 0.000000 1.000000
0.994450 -0.016966 -0.103836 0.000000 0.009293 0.997220 -0.073938 12.834400 0.104802 0.072563 0.991842 -0.000000 0.000000 0.000000 0.000000 1.000000
0.995699 -0.008698 -0.092237 0.000000 0.001886 0.997280 -0.073686 12.834400 0.092627 0.073195 0.993007 -0.000000 0.000000 0.000000 0.000000 1.000000</float_array><technique_common><accessor source="#mixamorig_Spine2-Matrix-animation-output-transform-array" count="32" stride="16"><param type="float4x4"/></accessor></technique_common></source><source id="mixamorig_Spine2-Interpolations"><Name_array id="mixamorig_Spine2-Interpolations-array" count="32">
 LINEAR LINEAR LINEAR LINEAR LINEAR LINEAR LINEAR LINEAR LINEAR LINEAR LINEAR
LINEAR LINEAR LINEAR LINEAR LINEAR LINEAR LINEAR LINEAR LINEAR LINEAR LINEAR LINEAR
LINEAR LINEAR LINEAR LINEAR LINEAR LINEAR LINEAR LINEAR LINEAR</Name_array><technique_common><accessor source="#mixamorig_Spine2-Interpolations-array" count="32"><param type="name"/></accessor></technique_common></source><sampler id="mixamorig_Spine2-Matrix-animation-transform"><input semantic="INPUT" source="#mixamorig_Spine2-Matrix-animation-input"/><input semantic="OUTPUT" source="#mixamorig_Spine2-Matrix-animation-output-transform"/><input semantic="INTERPOLATION" source="#mixamorig_Spine2-Interpolations"/></sampler><channel source="#mixamorig_Spine2-Matrix-animation-transform" target="mixamorig_Spine2/matrix"/></animation>
    <animation id="mixamorig_Neck-anim" name="mixamorig_Neck"><source id="mixamorig_Neck-Matrix-animation-input"><float_array id="mixamorig_Neck-Matrix-animation-input-array" count="32">

0.000000 0.033333 0.066667 0.100000 0.133333 0.166667 0.200000 0.233333 0.266667 0.300000 0.333333 0.366667 0.400000 0.433333 0.466667 0.500000
0.533333 0.566667 0.600000 0.633333 0.666667 0.700000 0.733333 0.766667 0.800000 0.833333 0.866667 0.900000 0.933333 0.966667 1.000000 1.033333</float_array><technique_common><accessor source="#mixamorig_Neck-Matrix-animation-input-array" count="32"><param name="TIME" type="float"/></accessor></technique_common></source><source id="mixamorig_Neck-Matrix-animation-output-transform"><float_array id="mixamorig_Neck-Matrix-animation-output-transform-array" count="512">

0.994482 0.005582 -0.104762 -0.003900 -0.033666 0.962751 -0.268286 14.257600 0.099363 0.270333 0.957626 2.618200 0.000000 0.000000 0.000000 1.000000
0.994416 0.006491 -0.105329 -0.003900 -0.034399 0.963529 -0.265383 14.257600 0.099765 0.267525 0.958372 2.618200 0.000000 0.000000 0.000000 1.000000
0.994341 0.009205 -0.105836 -0.003900 -0.036738 0.964568 -0.261265 14.257600 0.099681 0.263675 0.959447 2.618200 0.000000 0.000000 0.000000 1.000000
0.994217 0.012959 -0.106603 -0.003900 -0.039922 0.966150 -0.254874 14.257600 0.099691 0.257656 0.961080 2.618200 0.000000 0.000000 0.000000 1.000000
0.993993 0.016424 -0.108204 -0.003900 -0.043117 0.967484 -0.249230 14.257600 0.100592 0.252399 0.962380 2.618200 0.000000 0.000000 0.000000 1.000000
0.993842 0.019350 -0.109108 -0.003900 -0.046000 0.967831 -0.247359 14.257600 0.100811 0.250855 0.962761 2.618200 0.000000 0.000000 0.000000 1.000000
0.993834 0.019518 -0.109150 -0.003900 -0.046021 0.968202 -0.245901 14.257600 0.100879 0.249408 0.963130 2.618200 0.000000 0.000000 0.000000 1.000000
0.993862 0.016601 -0.109371 -0.003900 -0.043273 0.968239 -0.246253 14.257600 0.101809 0.249474 0.963015 2.618200 0.000000 0.000000 0.000000 1.000000
0.993923 0.014032 -0.109178 -0.003900 -0.041118 0.967374 -0.249994 14.257600 0.102108 0.252964 0.962072 2.618200 0.000000 0.000000 0.000000 1.000000
0.994104 0.014749 -0.107423 -0.003900 -0.041606 0.966757 -0.252289 14.257600 0.100131 0.255271 0.961671 2.618200 0.000000 0.000000 0.000000 1.000000
0.994224 0.014883 -0.106286 -0.003900 -0.041247 0.967268 -0.250382 14.257600 0.099080 0.253319 0.962295 2.618200 0.000000 0.000000 0.000000 1.000000
0.994289 0.013093 -0.105918 -0.003900 -0.039144 0.968022 -0.247791 14.257600 0.099287 0.250521 0.963006 2.618200 0.000000 0.000000 0.000000 1.000000
0.994475 0.015455 -0.103832 -0.003900 -0.040816 0.968202 -0.246819 14.257600 0.096716 0.249693 0.963483 2.618200 0.000000 0.000000 0.000000 1.000000
0.994707 0.022164 -0.100334 -0.003900 -0.046522 0.967786 -0.247439 14.257600 0.091617 0.250797 0.963695 2.618200 0.000000 0.000000 0.000000 1.000000
0.994774 0.028171 -0.098141 -0.003900 -0.052177 0.966460 -0.251459 14.257600 0.087765 0.255266 0.962879 2.618200 0.000000 0.000000 0.000000 1.000000
0.994716 0.031327 -0.097772 -0.003900 -0.055756 0.964474 -0.258226 14.257600 0.086209 0.262312 0.961124 2.618200 0.000000 0.000000 0.000000 1.000000
0.994681 0.032639 -0.097695 -0.003900 -0.057470 0.962970 -0.263412 14.257600 0.085480 0.267625 0.959724 2.618200 0.000000 0.000000 0.000000 1.000000
0.994684 0.032854 -0.097592 -0.003900 -0.057811 0.962455 -0.265215 14.257600 0.085215 0.269447 0.959238 2.618200 0.000000 0.000000 0.000000 1.000000
0.994783 0.029695 -0.097596 -0.003900 -0.054755 0.962633 -0.265217 14.257600 0.086073 0.269177 0.959237 2.618200 0.000000 0.000000 0.000000 1.000000
0.994902 0.023694 -0.098019 -0.003900 -0.048889 0.963467 -0.263326 14.257600 0.088199 0.266776 0.959714 2.618200 0.000000 0.000000 0.000000 1.000000
0.994811 0.023513 -0.098988 -0.003900 -0.048579 0.964634 -0.259077 14.257600 0.089396 0.262541 0.960771 2.618200 0.000000 0.000000 0.000000 1.000000
0.994627 0.023564 -0.100805 -0.003900 -0.048585 0.966105 -0.253538 14.257600 0.091414 0.257073 0.962059 2.618200 0.000000 0.000000 0.000000 1.000000
0.994473 0.021894 -0.102682 -0.003900 -0.046919 0.967597 -0.248100 14.257600 0.093922 0.251547 0.963277 2.618200 0.000000 0.000000 0.000000 1.000000
0.994418 0.022826 -0.103009 -0.003900 -0.047772 0.967913 -0.246702 14.257600 0.094073 0.250246 0.963601 2.618200 0.000000 0.000000 0.000000 1.000000
0.994539 0.022585 -0.101896 -0.003900 -0.047391 0.967576 -0.248094 14.257600 0.092989 0.251568 0.963362 2.618200 0.000000 0.000000 0.000000 1.000000
0.994746 0.024274 -0.099450 -0.003900 -0.048461 0.967392 -0.248606 14.257600 0.090172 0.252119 0.963486 2.618200 0.000000 0.000000 0.000000 1.000000
0.994984 0.023909 -0.097140 -0.003900 -0.047743 0.966792 -0.251067 14.257600 0.087911 0.254445 0.963083 2.618200 0.000000 0.000000 0.000000 1.000000
0.995073 0.013046 -0.098286 -0.003900 -0.038078 0.965567 -0.257354 14.257600 0.091544 0.259828 0.961306 2.618200 0.000000 0.000000 0.000000 1.000000
0.994889 0.009431 -0.100538 -0.003900 -0.035243 0.965452 -0.258186 14.257600 0.094629 0.260409 0.960850 2.618200 0.000000 0.000000 0.000000 1.000000
0.994772 0.008757 -0.101749 -0.003900 -0.035052 0.965071 -0.259634 14.257600 0.095921 0.261843 0.960332 2.618200 0.000000 0.000000 0.000000 1.000000
0.994656 0.008240 -0.102911 -0.003900 -0.035360 0.963709 -0.264604 14.257600 0.096996 0.266829 0.958850 2.618200 0.000000 0.000000 0.000000 1.000000
0.994482 0.005582 -0.104762 -0.003900 -0.033666 0.962751 -0.268286 14.257600 0.099363 0.270333 0.957626 2.618200 0.000000 0.000000 0.000000 1.000000</float_array><technique_common><accessor source="#mixamorig_Neck-Matrix-animation-output-transform-array" count="32" stride="16"><param type="float4x4"/></accessor></technique_common></source><source id="mixamorig_Neck-Interpolations"><Name_array id="mixamorig_Neck-Interpolations-array" count="32">
 LINEAR LINEAR LINEAR LINEAR LINEAR LINEAR LINEAR LINEAR LINEAR LINEAR LINEAR
LINEAR LINEAR LINEAR LINEAR LINEAR LINEAR LINEAR LINEAR LINEAR LINEAR LINEAR LINEAR
LINEAR LINEAR LINEAR LINEAR LINEAR LINEAR LINEAR LINEAR LINEAR</Name_array><technique_common><accessor source="#mixamorig_Neck-Interpolations-array" count="32"><param type="name"/></accessor></technique_common></source><sampler id="mixamorig_Neck-Matrix-animation-transform"><input semantic="INPUT" source="#mixamorig_Neck-Matrix-animation-input"/><input semantic="OUTPUT" source="#mixamorig_Neck-Matrix-animation-output-transform"/><input semantic="INTERPOLATION" source="#mixamorig_Neck-Interpolations"/></sampler><channel source="#mixamorig_Neck-Matrix-animation-transform" target="mixamorig_Neck/matrix"/></animation>
    <animation id="mixamorig_Head-anim" name="mixamorig_Head"><source id="mixamorig_Head-Matrix-animation-input"><float_array id="mixamorig_Head-Matrix-animation-input-array" count="32">

0.000000 0.033333 0.066667 0.100000 0.133333 0.166667 0.200000 0.233333 0.266667 0.300000 0.333333 0.366667 0.400000 0.433333 0.466667 0.500000
0.533333 0.566667 0.600000 0.633333 0.666667 0.700000 0.733333 0.766667 0.800000 0.833333 0.866667 0.900000 0.933333 0.966667 1.000000 1.033333</float_array><technique_common><accessor source="#mixamorig_Head-Matrix-animation-input-array" count="32"><param name="TIME" type="float"/></accessor></technique_common></source><source id="mixamorig_Head-Matrix-animation-output-transform"><float_array id="mixamorig_Head-Matrix-animation-output-transform-array" count="512">

0.811259 -0.084354 -0.578570 -0.000500 0.164676 0.982444 0.087668 10.387000 0.561017 -0.166398 0.810908 1.832200 0.000000 0.000000 0.000000 1.000000
0.808955 -0.089938 -0.580951 -0.000500 0.168459 0.982249 0.082509 10.387000 0.563218 -0.164612 0.809746 1.832200 0.000000 0.000000 0.000000 1.000000
0.805240 -0.095094 -0.585275 -0.000500 0.177626 0.980413 0.085089 10.387000 0.565719 -0.172477 0.806358 1.832200 0.000000 0.000000 0.000000 1.000000
0.801711 -0.096873 -0.589810 -0.000500 0.185698 0.978316 0.091731 10.387000 0.568134 -0.183068 0.802315 1.832200 0.000000 0.000000 0.000000 1.000000
0.798632 -0.092700 -0.594638 -0.000500 0.189353 0.976590 0.102068 10.387000 0.571255 -0.194111 0.797489 1.832200 0.000000 0.000000 0.000000 1.000000
0.796852 -0.090505 -0.597357 -0.000500 0.196331 0.973847 0.114352 10.387000 0.571385 -0.208401 0.793781 1.832200 0.000000 0.000000 0.000000 1.000000
0.794767 -0.098146 -0.598926 -0.000500 0.211403 0.969804 0.121607 10.387000 0.568906 -0.223264 0.791517 1.832200 0.000000 0.000000 0.000000 1.000000
0.791012 -0.110591 -0.601722 -0.000500 0.226116 0.966734 0.119571 10.387000 0.568482 -0.230641 0.789705 1.832200 0.000000 0.000000 0.000000 1.000000
0.787794 -0.123231 -0.603485 -0.000500 0.230250 0.967668 0.102972 10.387000 0.571284 -0.220073 0.790697 1.832200 0.000000 0.000000 0.000000 1.000000
0.788377 -0.135195 -0.600154 -0.000500 0.226000 0.970988 0.078147 10.387000 0.572177 -0.197244 0.796058 1.832200 0.000000 0.000000 0.000000 1.000000
0.785312 -0.149571 -0.600761 -0.000500 0.236235 0.969351 0.067467 10.387000 0.572257 -0.194904 0.796577 1.832200 0.000000 0.000000 0.000000 1.000000
0.779858 -0.163597 -0.604199 -0.000500 0.259442 0.962908 0.074147 10.387000 0.569658 -0.214579 0.793376 1.832200 0.000000 0.000000 0.000000 1.000000
0.785779 -0.160198 -0.597400 -0.000500 0.259416 0.962175 0.083202 10.387000 0.561475 -0.220353 0.797615 1.832200 0.000000 0.000000 0.000000 1.000000
0.799714 -0.141511 -0.583465 -0.000500 0.234938 0.968090 0.087216 10.387000 0.552505 -0.206826 0.807441 1.832200 0.000000 0.000000 0.000000 1.000000
0.807471 -0.125855 -0.576325 -0.000500 0.211182 0.973899 0.083207 10.387000 0.550810 -0.188897 0.812974 1.832200 0.000000 0.000000 0.000000 1.000000
0.809005 -0.116704 -0.576100 -0.000500 0.195267 0.977791 0.076132 10.387000 0.554421 -0.174085 0.813826 1.832200 0.000000 0.000000 0.000000 1.000000
0.810023 -0.108755 -0.576225 -0.000500 0.182855 0.980501 0.071990 10.387000 0.557160 -0.163679 0.814114 1.832200 0.000000 0.000000 0.000000 1.000000
0.811749 -0.101713 -0.575081 -0.000500 0.173519 0.982253 0.071200 10.387000 0.557633 -0.157584 0.814992 1.832200 0.000000 0.000000 0.000000 1.000000
0.812658 -0.101076 -0.573909 -0.000500 0.172667 0.982383 0.071482 10.387000 0.556573 -0.157186 0.815794 1.832200 0.000000 0.000000 0.000000 1.000000
0.810091 -0.110151 -0.575865 -0.000500 0.182733 0.980705 0.069469 10.387000 0.557102 -0.161505 0.814588 1.832200 0.000000 0.000000 0.000000 1.000000
0.803238 -0.120637 -0.583314 -0.000500 0.193473 0.979020 0.063944 10.387000 0.563362 -0.164218 0.809726 1.832200 0.000000 0.000000 0.000000 1.000000
0.795464 -0.124180 -0.593142 -0.000500 0.200292 0.977648 0.063933 10.387000 0.571945 -0.169658 0.802556 1.832200 0.000000 0.000000 0.000000 1.000000
0.790674 -0.119935 -0.600376 -0.000500 0.206106 0.975530 0.076556 10.387000 0.576503 -0.184272 0.796045 1.832200 0.000000 0.000000 0.000000 1.000000
0.792405 -0.106242 -0.600673 -0.000500 0.206766 0.973201 0.100633 10.387000 0.573884 -0.203941 0.793137 1.832200 0.000000 0.000000 0.000000 1.000000
0.801852 -0.086444 -0.591237 -0.000500 0.192635 0.974047 0.118842 10.387000 0.565620 -0.209187 0.797693 1.832200 0.000000 0.000000 0.000000 1.000000
0.815810 -0.067824 -0.574329 -0.000500 0.171613 0.976758 0.128421 10.387000 0.552271 -0.203329 0.808489 1.832200 0.000000 0.000000 0.000000 1.000000
0.826477 -0.058042 -0.559971 -0.000500 0.161596 0.977272 0.137208 10.387000 0.539280 -0.203888 0.817072 1.832200 0.000000 0.000000 0.000000 1.000000
0.826835 -0.059389 -0.559300 -0.000500 0.163329 0.976912 0.137723 10.387000 0.538207 -0.205224 0.817445 1.832200 0.000000 0.000000 0.000000 1.000000
0.820617 -0.068414 -0.567368 -0.000500 0.165818 0.978602 0.121830 10.387000 0.546893 -0.194056 0.814402 1.832200 0.000000 0.000000 0.000000 1.000000
0.817390 -0.077236 -0.570883 -0.000500 0.165621 0.980641 0.104463 10.387000 0.551763 -0.179938 0.814358 1.832200 0.000000 0.000000 0.000000 1.000000
0.815268 -0.079723 -0.573570 -0.000500 0.162642 0.982133 0.094666 10.387000 0.555775 -0.170465 0.813668 1.832200 0.000000 0.000000 0.000000 1.000000
0.811259 -0.084353 -0.578570 -0.000500 0.164675 0.982444 0.087668 10.387000 0.561017 -0.166398 0.810908 1.832200 0.000000 0.000000 0.000000 1.000000</float_array><technique_common><accessor source="#mixamorig_Head-Matrix-animation-output-transform-array" count="32" stride="16"><param type="float4x4"/></accessor></technique_common></source><source id="mixamorig_Head-Interpolations"><Name_array id="mixamorig_Head-Interpolations-array" count="32">
 LINEAR LINEAR LINEAR LINEAR LINEAR LINEAR LINEAR LINEAR LINEAR LINEAR LINEAR
LINEAR LINEAR LINEAR LINEAR LINEAR LINEAR LINEAR LINEAR LINEAR LINEAR LINEAR LINEAR
