<?xml version="1.0" encoding="utf-8"?>
<COLLADA xmlns="http://www.collada.org/2005/11/COLLADASchema" version="1.4.1">
  <asset><contributor><author>Mixamo</author><authoring_tool>COLLADA Mixamo exporter</authoring_tool><comments></comments></contributor><created>2015-09-12T17:58:40Z</created><modified>2015-09-12T17:58:40Z</modified><revision></revision><title></title><unit meter="0.010000"/><up_axis>Y_UP</up_axis></asset>
  <library_animations>
    <animation id="mixamorig_Hips-anim" name="mixamorig_Hips"><source id="mixamorig_Hips-Matrix-animation-input"><float_array id="mixamorig_Hips-Matrix-animation-input-array" count="21">

0.000000 0.033333 0.066667 0.100000 0.133333 0.166667 0.200000 0.233333 0.266667 0.300000 0.333333 0.366667 0.400000 0.433333 0.466667 0.500000
0.533333 0.566667 0.600000 0.633333 0.666667</float_array><technique_common><accessor source="#mixamorig_Hips-Matrix-animation-input-array" count="21"><param name="TIME" type="float"/></accessor></technique_common></source><source id="mixamorig_Hips-Matrix-animation-output-transform"><float_array id="mixamorig_Hips-Matrix-animation-output-transform-array" count="336">

0.280131 0.340255 0.897638 0.902200 -0.116011 0.940222 -0.320192 91.097725 -0.952926 -0.014440 0.302859 0.168582 0.000000 0.000000 0.000000 1.000000
0.278367 0.337209 0.899334 14.512815 -0.111366 0.941360 -0.318496 90.747047 -0.953997 -0.011497 0.299597 0.183060 0.000000 0.000000 0.000000 1.000000
0.277385 0.328451 0.902872 28.379147 -0.070416 0.944171 -0.321842 91.658165 -0.958175 0.025697 0.285027 -0.075099 0.000000 0.000000 0.000000 1.000000
0.271924 0.323457 0.906329 42.536457 0.005302 0.941300 -0.337529 93.053749 -0.962304 0.096587 0.254247 -0.505296 0.000000 0.000000 0.000000 1.000000
0.245774 0.332745 0.910426 56.509632 0.044779 0.934335 -0.353572 94.226463 -0.968292 0.127667 0.214736 -0.947315 0.000000 0.000000 0.000000 1.000000
0.225071 0.350646 0.909060 70.932571 0.019636 0.931177 -0.364038 95.000801 -0.974145 0.099784 0.202696 -1.106573 0.000000 0.000000 0.000000 1.000000
0.204530 0.346550 0.915462 85.726120 0.001845 0.935094 -0.354394 94.735924 -0.978859 0.074173 0.190615 -1.044478 0.000000 0.000000 0.000000 1.000000
0.176556 0.332455 0.926446 101.111832 0.009069 0.940643 -0.339277 93.836548 -0.984249 0.068303 0.163061 -1.204111 0.000000 0.000000 0.000000 1.000000
0.162250 0.325443 0.931537 115.424652 0.020995 0.942694 -0.332998 92.797401 -0.986526 0.073587 0.146119 -1.451830 0.000000 0.000000 0.000000 1.000000
0.162712 0.337147 0.927284 128.455154 0.022289 0.938313 -0.345068 91.562630 -0.986422 0.076815 0.145160 -1.457705 0.000000 0.000000 0.000000 1.000000
0.155439 0.344762 0.925731 142.864365 0.013049 0.936323 -0.350898 90.995758 -0.987759 0.066624 0.141042 -1.475207 0.000000 0.000000 0.000000 1.000000
0.133141 0.360666 0.923143 157.290512 -0.025486 0.932374 -0.360597 91.614960 -0.990769 0.024483 0.133329 -1.379209 0.000000 0.000000 0.000000 1.000000
0.123053 0.359796 0.924881 172.733719 -0.075508 0.932657 -0.352775 93.166428 -0.989523 -0.026426 0.141933 -1.423494 0.000000 0.000000 0.000000 1.000000
0.137564 0.364621 0.920939 187.889526 -0.127959 0.928529 -0.348512 94.006348 -0.982193 -0.069900 0.174388 -1.449167 0.000000 0.000000 0.000000 1.000000
0.172227 0.353714 0.919361 203.268570 -0.117040 0.934043 -0.337438 94.960976 -0.978080 -0.049486 0.202266 -1.590277 0.000000 0.000000 0.000000 1.000000
0.210356 0.330920 0.919914 220.191376 -0.068288 0.943644 -0.323841 94.780762 -0.975237 0.005303 0.221099 -1.457397 0.000000 0.000000 0.000000 1.000000
0.255261 0.301831 0.918553 237.098419 -0.047434 0.952791 -0.299899 94.698692 -0.965708 0.032982 0.257527 -1.290802 0.000000 0.000000 0.000000 1.000000
0.283063 0.283475 0.916252 251.904465 -0.058975 0.958660 -0.278376 94.122566 -0.957286 0.024762 0.288079 -1.087063 0.000000 0.000000 0.000000 1.000000
0.262783 0.294254 0.918890 266.020142 -0.073921 0.955702 -0.284902 92.631790 -0.962019 0.006942 0.272894 -0.653054 0.000000 0.000000 0.000000 1.000000
0.262700 0.346175 0.900640 279.325745 -0.119297 0.937915 -0.325705 91.064194 -0.957474 -0.021881 0.287687 -0.434287 0.000000 0.000000 0.000000 1.000000
0.280132 0.340255 0.897638 294.128418 -0.116011 0.940222 -0.320192 91.097740 -0.952926 -0.014440 0.302859 0.168581 0.000000 0.000000 0.000000 1.000000</float_array><technique_common><accessor source="#mixamorig_Hips-Matrix-animation-output-transform-array" count="21" stride="16"><param type="float4x4"/></accessor></technique_common></source><source id="mixamorig_Hips-Interpolations"><Name_array id="mixamorig_Hips-Interpolations-array" count="21">
 LINEAR LINEAR LINEAR LINEAR LINEAR LINEAR LINEAR LINEAR LINEAR LINEAR LINEAR
LINEAR LINEAR LINEAR LINEAR LINEAR LINEAR LINEAR LINEAR LINEAR LINEAR</Name_array><technique_common><accessor source="#mixamorig_Hips-Interpolations-array" count="21"><param type="name"/></accessor></technique_common></source><sampler id="mixamorig_Hips-Matrix-animation-transform"><input semantic="INPUT" source="#mixamorig_Hips-Matrix-animation-input"/><input semantic="OUTPUT" source="#mixamorig_Hips-Matrix-animation-output-transform"/><input semantic="INTERPOLATION" source="#mixamorig_Hips-Interpolations"/></sampler><channel source="#mixamorig_Hips-Matrix-animation-transform" target="mixamorig_Hips/matrix"/></animation>
    <animation id="mixamorig_Spine-anim" name="mixamorig_Spine"><source id="mixamorig_Spine-Matrix-animation-input"><float_array id="mixamorig_Spine-Matrix-animation-input-array" count="21">

0.000000 0.033333 0.066667 0.100000 0.133333 0.166667 0.200000 0.233333 0.266667 0.300000 0.333333 0.366667 0.400000 0.433333 0.466667 0.500000
0.533333 0.566667 0.600000 0.633333 0.666667</float_array><technique_common><accessor source="#mixamorig_Spine-Matrix-animation-input-array" count="21"><param name="TIME" type="float"/></accessor></technique_common></source><source id="mixamorig_Spine-Matrix-animation-output-transform"><float_array id="mixamorig_Spine-Matrix-animation-output-transform-array" count="336">

0.984432 -0.104895 -0.141034 0.003800 0.104278 0.994478 -0.011784 9.469100 0.141491 -0.003106 0.989935 -0.797400 0.000000 0.000000 0.000000 1.000000
0.989491 -0.093252 -0.110505 0.003800 0.092976 0.995639 -0.007661 9.469100 0.110738 -0.002694 0.993846 -0.797400 0.000000 0.000000 0.000000 1.000000
0.995512 -0.044774 -0.083374 0.003800 0.045893 0.998880 0.011554 9.469100 0.082764 -0.015328 0.996451 -0.797400 0.000000 0.000000 0.000000 1.000000
0.998368 0.013640 -0.055455 0.003800 -0.011894 0.999426 0.031707 9.469100 0.055855 -0.030995 0.997958 -0.797400 0.000000 0.000000 0.000000 1.000000
0.999011 0.035059 -0.027364 0.003800 -0.033941 0.998612 0.040286 9.469100 0.028739 -0.039317 0.998813 -0.797400 0.000000 0.000000 0.000000 1.000000
0.999806 0.015962 -0.011569 0.003800 -0.015523 0.999191 0.037096 9.469100 0.012152 -0.036909 0.999245 -0.797400 0.000000 0.000000 0.000000 1.000000
0.999667 -0.011327 -0.023182 0.003800 0.012017 0.999482 0.029843 9.469100 0.022832 -0.030111 0.999286 -0.797400 0.000000 0.000000 0.000000 1.000000
0.997821 -0.023331 -0.061714 0.003800 0.024824 0.999415 0.023531 9.469100 0.061129 -0.025012 0.997816 -0.797400 0.000000 0.000000 0.000000 1.000000
0.993434 -0.015476 -0.113359 0.003800 0.017325 0.999732 0.015348 9.469100 0.113091 -0.017211 0.993436 -0.797400 0.000000 0.000000 0.000000 1.000000
0.986927 -0.008020 -0.160967 0.003800 0.008535 0.999960 0.002508 9.469100 0.160940 -0.003849 0.986957 -0.797400 0.000000 0.000000 0.000000 1.000000
0.979008 -0.023815 -0.202424 0.003800 0.022459 0.999707 -0.008993 9.469100 0.202579 0.004258 0.979257 -0.797400 0.000000 0.000000 0.000000 1.000000
0.966988 -0.072345 -0.244337 0.003800 0.070626 0.997378 -0.015801 9.469100 0.244839 -0.001977 0.969562 -0.797400 0.000000 0.000000 0.000000 1.000000
0.948331 -0.132852 -0.288131 0.003800 0.131799 0.991006 -0.023142 9.469100 0.288614 -0.016029 0.957311 -0.797400 0.000000 0.000000 0.000000 1.000000
0.929875 -0.169040 -0.326739 0.003800 0.168935 0.985203 -0.028922 9.469100 0.326793 -0.028304 0.944672 -0.797400 0.000000 0.000000 0.000000 1.000000
0.923223 -0.156839 -0.350799 0.003800 0.159815 0.986931 -0.020650 9.469100 0.349453 -0.036998 0.936223 -0.797400 0.000000 0.000000 0.000000 1.000000
0.928988 -0.113460 -0.352290 0.003800 0.121092 0.992641 -0.000376 9.469100 0.349741 -0.042310 0.935891 -0.797400 0.000000 0.000000 0.000000 1.000000
0.941910 -0.081281 -0.325882 0.003800 0.090379 0.995825 0.012849 9.469100 0.323477 -0.041555 0.945323 -0.797400 0.000000 0.000000 0.000000 1.000000
0.957524 -0.083804 -0.275906 0.003800 0.090046 0.995887 0.010009 9.469100 0.273932 -0.034428 0.961133 -0.797400 0.000000 0.000000 0.000000 1.000000
0.970791 -0.104756 -0.215848 0.003800 0.107635 0.994189 0.001591 9.469100 0.214427 -0.024778 0.976426 -0.797400 0.000000 0.000000 0.000000 1.000000
0.979960 -0.117921 -0.160540 0.003800 0.118765 0.992913 -0.004357 9.469100 0.159916 -0.014797 0.987020 -0.797400 0.000000 0.000000 0.000000 1.000000
0.984432 -0.104895 -0.141033 0.003800 0.104277 0.994478 -0.011784 9.469100 0.141491 -0.003106 0.989935 -0.797400 0.000000 0.000000 0.000000 1.000000</float_array><technique_common><accessor source="#mixamorig_Spine-Matrix-animation-output-transform-array" count="21" stride="16"><param type="float4x4"/></accessor></technique_common></source><source id="mixamorig_Spine-Interpolations"><Name_array id="mixamorig_Spine-Interpolations-array" count="21">
 LINEAR LINEAR LINEAR LINEAR LINEAR LINEAR LINEAR LINEAR LINEAR LINEAR LINEAR
LINEAR LINEAR LINEAR LINEAR LINEAR LINEAR LINEAR LINEAR LINEAR LINEAR</Name_array><technique_common><accessor source="#mixamorig_Spine-Interpolations-array" count="21"><param type="name"/></accessor></technique_common></source><sampler id="mixamorig_Spine-Matrix-animation-transform"><input semantic="INPUT" source="#mixamorig_Spine-Matrix-animation-input"/><input semantic="OUTPUT" source="#mixamorig_Spine-Matrix-animation-output-transform"/><input semantic="INTERPOLATION" source="#mixamorig_Spine-Interpolations"/></sampler><channel source="#mixamorig_Spine-Matrix-animation-transform" target="mixamorig_Spine/matrix"/></animation>
    <animation id="mixamorig_Spine1-anim" name="mixamorig_Spine1"><source id="mixamorig_Spine1-Matrix-animation-input"><float_array id="mixamorig_Spine1-Matrix-animation-input-array" count="21">

0.000000 0.033333 0.066667 0.100000 0.133333 0.166667 0.200000 0.233333 0.266667 0.300000 0.333333 0.366667 0.400000 0.433333 0.466667 0.500000
0.533333 0.566667 0.600000 0.633333 0.666667</float_array><technique_common><accessor source="#mixamorig_Spine1-Matrix-animation-input-array" count="21"><param name="TIME" type="float"/></accessor></technique_common></source><source id="mixamorig_Spine1-Matrix-animation-output-transform"><float_array id="mixamorig_Spine1-Matrix-animation-output-transform-array" count="336">

0.997431 -0.031852 -0.064159 0.000000 0.030325 0.999236 -0.024646 10.885900 0.064895 0.022637 0.997635 -0.000000 0.000000 0.000000 0.000000 1.000000
0.998328 -0.028812 -0.050111 0.000000 0.027625 0.999325 -0.024224 10.885900 0.050775 0.022799 0.998450 0.000000 0.000000 0.000000 0.000000 1.000000
0.999189 -0.017677 -0.036191 0.000000 0.016963 0.999657 -0.019960 10.885900 0.036532 0.019330 0.999146 0.000000 0.000000 0.000000 0.000000 1.000000
0.999731 -0.004623 -0.022746 0.000000 0.004267 0.999868 -0.015700 10.885900 0.022816 0.015599 0.999618 -0.000000 0.000000 0.000000 0.000000 1.000000
0.999925 0.000711 -0.012194 0.000000 -0.000878 0.999906 -0.013667 10.885900 0.012183 0.013677 0.999832 -0.000000 0.000000 0.000000 0.000000 1.000000
0.999954 -0.003593 -0.008841 0.000000 0.003474 0.999905 -0.013374 10.885900 0.008888 0.013343 0.999871 0.000000 0.000000 0.000000 0.000000 1.000000
0.999832 -0.009657 -0.015560 -0.000000 0.009442 0.999859 -0.013884 10.885900 0.015692 0.013735 0.999783 -0.000000 0.000000 0.000000 0.000000 1.000000
0.999474 -0.010994 -0.030513 -0.000000 0.010528 0.999826 -0.015382 10.885900 0.030677 0.015053 0.999416 -0.000000 0.000000 0.000000 0.000000 1.000000
0.998781 -0.008678 -0.048601 0.000000 0.007759 0.999788 -0.019072 10.885900 0.048757 0.018672 0.998636 0.000000 0.000000 0.000000 0.000000 1.000000
0.997735 -0.007954 -0.066800 0.000000 0.006317 0.999675 -0.024683 10.885900 0.066974 0.024205 0.997461 -0.000000 0.000000 0.000000 0.000000 1.000000
0.996195 -0.013148 -0.086156 0.000000 0.010756 0.999545 -0.028167 10.885900 0.086487 0.027133 0.995883 0.000000 0.000000 0.000000 0.000000 1.000000
0.993916 -0.023802 -0.107540 0.000000 0.021002 0.999412 -0.027091 10.885900 0.108122 0.024667 0.993832 -0.000000 0.000000 0.000000 0.000000 1.000000
0.991220 -0.034162 -0.127734 0.000000 0.031276 0.999210 -0.024535 10.885900 0.128471 0.020325 0.991505 -0.000000 0.000000 0.000000 0.000000 1.000000
0.989218 -0.038302 -0.141354 0.000000 0.035470 0.999117 -0.022500 10.885900 0.142091 0.017243 0.989703 0.000000 0.000000 0.000000 0.000000 1.000000
0.988631 -0.035612 -0.146083 0.000000 0.033237 0.999273 -0.018667 10.885900 0.146642 0.013600 0.989096 0.000000 0.000000 0.000000 0.000000 1.000000
0.989156 -0.030698 -0.143626 0.000000 0.029120 0.999490 -0.013080 10.885900 0.143954 0.008756 0.989546 0.000000 0.000000 0.000000 0.000000 1.000000
0.990355 -0.028558 -0.135577 -0.000000 0.027383 0.999570 -0.010523 10.885900 0.135819 0.006709 0.990711 0.000000 0.000000 0.000000 0.000000 1.000000
0.992235 -0.030407 -0.120600 0.000000 0.029035 0.999492 -0.013113 10.885900 0.120938 0.009509 0.992615 0.000000 0.000000 0.000000 0.000000 1.000000
0.994614 -0.034050 -0.097896 -0.000000 0.032500 0.999320 -0.017393 10.885900 0.098421 0.014118 0.995045 0.000000 0.000000 0.000000 0.000000 1.000000
0.996597 -0.035715 -0.074284 0.000000 0.034265 0.999198 -0.020707 10.885900 0.074964 0.018092 0.997022 0.000000 0.000000 0.000000 0.000000 1.000000
0.997431 -0.031852 -0.064159 0.000000 0.030325 0.999236 -0.024646 10.885900 0.064895 0.022637 0.997635 -0.000000 0.000000 0.000000 0.000000 1.000000</float_array><technique_common><accessor source="#mixamorig_Spine1-Matrix-animation-output-transform-array" count="21" stride="16"><param type="float4x4"/></accessor></technique_common></source><source id="mixamorig_Spine1-Interpolations"><Name_array id="mixamorig_Spine1-Interpolations-array" count="21">
 LINEAR LINEAR LINEAR LINEAR LINEAR LINEAR LINEAR LINEAR LINEAR LINEAR LINEAR
LINEAR LINEAR LINEAR LINEAR LINEAR LINEAR LINEAR LINEAR LINEAR LINEAR</Name_array><technique_common><accessor source="#mixamorig_Spine1-Interpolations-array" count="21"><param type="name"/></accessor></technique_common></source><sampler id="mixamorig_Spine1-Matrix-animation-transform"><input semantic="INPUT" source="#mixamorig_Spine1-Matrix-animation-input"/><input semantic="OUTPUT" source="#mixamorig_Spine1-Matrix-animation-output-transform"/><input semantic="INTERPOLATION" source="#mixamorig_Spine1-Interpolations"/></sampler><channel source="#mixamorig_Spine1-Matrix-animation-transform" target="mixamorig_Spine1/matrix"/></animation>
    <animation id="mixamorig_Spine2-anim" name="mixamorig_Spine2"><source id="mixamorig_Spine2-Matrix-animation-input"><float_array id="mixamorig_Spine2-Matrix-animation-input-array" count="21">

0.000000 0.033333 0.066667 0.100000 0.133333 0.166667 0.200000 0.233333 0.266667 0.300000 0.333333 0.366667 0.400000 0.433333 0.466667 0.500000
0.533333 0.566667 0.600000 0.633333 0.666667</float_array><technique_common><accessor source="#mixamorig_Spine2-Matrix-animation-input-array" count="21"><param name="TIME" type="float"/></accessor></technique_common></source><source id="mixamorig_Spine2-Matrix-animation-output-transform"><float_array id="mixamorig_Spine2-Matrix-animation-output-transform-array" count="336">

0.997419 -0.032487 -0.064026 0.000000 0.028749 0.997876 -0.058452 12.834400 0.065789 0.056460 0.996235 0.000000 0.000000 0.000000 0.000000 1.000000
0.998317 -0.029211 -0.050095 0.000000 0.026286 0.997965 -0.058094 12.834400 0.051690 0.056680 0.997053 0.000000 0.000000 0.000000 0.000000 1.000000
0.999179 -0.017778 -0.036409 -0.000000 0.015801 0.998423 -0.053872 12.834400 0.037310 0.053252 0.997884 0.000000 0.000000 0.000000 0.000000 1.000000
0.999722 -0.004473 -0.023164 0.000000 0.003317 0.998760 -0.049682 12.834400 0.023357 0.049592 0.998496 -0.000000 0.000000 0.000000 0.000000 1.000000
0.999920 0.000962 -0.012650 0.000000 -0.001564 0.998858 -0.047742 12.834400 0.012589 0.047758 0.998780 0.000000 0.000000 0.000000 0.000000 1.000000
0.999952 -0.003385 -0.009193 -0.000000 0.002945 0.998867 -0.047505 12.834400 0.009344 0.047476 0.998829 -0.000000 0.000000 0.000000 0.000000 1.000000
0.999830 -0.009550 -0.015777 0.000000 0.008783 0.998809 -0.047994 12.834400 0.016216 0.047848 0.998723 0.000000 0.000000 0.000000 0.000000 1.000000
0.999470 -0.010998 -0.030640 -0.000000 0.009475 0.998733 -0.049420 12.834400 0.031144 0.049103 0.998308 0.000000 0.000000 0.000000 0.000000 1.000000
0.998775 -0.008848 -0.048676 -0.000000 0.006260 0.998572 -0.053058 12.834400 0.049076 0.052688 0.997404 -0.000000 0.000000 0.000000 0.000000 1.000000
0.997731 -0.008413 -0.066806 -0.000000 0.004488 0.998267 -0.058680 12.834400 0.067184 0.058247 0.996039 0.000000 0.000000 0.000000 0.000000 1.000000
0.996192 -0.013978 -0.086055 0.000000 0.008634 0.998029 -0.062161 12.834400 0.086754 0.061181 0.994349 0.000000 0.000000 0.000000 0.000000 1.000000
0.993908 -0.024899 -0.107367 0.000000 0.018424 0.997975 -0.060887 12.834400 0.108666 0.058538 0.992353 0.000000 0.000000 0.000000 0.000000 1.000000
0.991195 -0.035325 -0.127610 0.000000 0.028114 0.997928 -0.057869 12.834400 0.129390 0.053772 0.990135 0.000000 0.000000 0.000000 0.000000 1.000000
0.989174 -0.039526 -0.141327 -0.000000 0.031963 0.997953 -0.055393 12.834400 0.143227 0.050276 0.988412 0.000000 0.000000 0.000000 0.000000 1.000000
0.988583 -0.037181 -0.146021 -0.000000 0.029929 0.998222 -0.051553 12.834400 0.147678 0.046595 0.987937 0.000000 0.000000 0.000000 0.000000 1.000000
0.989125 -0.032796 -0.143374 -0.000000 0.026386 0.998575 -0.046383 12.834400 0.144691 0.042095 0.988581 -0.000000 0.000000 0.000000 0.000000 1.000000
0.990342 -0.030899 -0.135159 0.000000 0.025123 0.998705 -0.044238 12.834400 0.136351 0.040415 0.989836 0.000000 0.000000 0.000000 0.000000 1.000000
0.992223 -0.032407 -0.120180 0.000000 0.026927 0.998534 -0.046949 12.834400 0.121525 0.043347 0.991641 -0.000000 0.000000 0.000000 0.000000 1.000000
0.994599 -0.035347 -0.097592 -0.000000 0.030456 0.998226 -0.051162 12.834400 0.099227 0.047914 0.993911 0.000000 0.000000 0.000000 0.000000 1.000000
0.996585 -0.036440 -0.074097 -0.000000 0.032443 0.997990 -0.054443 12.834400 0.075931 0.051854 0.995764 0.000000 0.000000 0.000000 0.000000 1.000000
0.997419 -0.032487 -0.064027 0.000000 0.028749 0.997876 -0.058451 12.834400 0.065789 0.056460 0.996235 0.000000 0.000000 0.000000 0.000000 1.000000</float_array><technique_common><accessor source="#mixamorig_Spine2-Matrix-animation-output-transform-array" count="21" stride="16"><param type="float4x4"/></accessor></technique_common></source><source id="mixamorig_Spine2-Interpolations"><Name_array id="mixamorig_Spine2-Interpolations-array" count="21">
 LINEAR LINEAR LINEAR LINEAR LINEAR LINEAR LINEAR LINEAR LINEAR LINEAR LINEAR
LINEAR LINEAR LINEAR LINEAR LINEAR LINEAR LINEAR LINEAR LINEAR LINEAR</Name_array><technique_common><accessor source="#mixamorig_Spine2-Interpolations-array" count="21"><param type="name"/></accessor></technique_common></source><sampler id="mixamorig_Spine2-Matrix-animation-transform"><input semantic="INPUT" source="#mixamorig_Spine2-Matrix-animation-input"/><input semantic="OUTPUT" source="#mixamorig_Spine2-Matrix-animation-output-transform"/><input semantic="INTERPOLATION" source="#mixamorig_Spine2-Interpolations"/></sampler><channel source="#mixamorig_Spine2-Matrix-animation-transform" target="mixamorig_Spine2/matrix"/></animation>
    <animation id="mixamorig_Neck-anim" name="mixamorig_Neck"><source id="mixamorig_Neck-Matrix-animation-input"><float_array id="mixamorig_Neck-Matrix-animation-input-array" count="21">

0.000000 0.033333 0.066667 0.100000 0.133333 0.166667 0.200000 0.233333 0.266667 0.300000 0.333333 0.366667 0.400000 0.433333 0.466667 0.500000
0.533333 0.566667 0.600000 0.633333 0.666667</float_array><technique_common><accessor source="#mixamorig_Neck-Matrix-animation-input-array" count="21"><param name="TIME" type="float"/></accessor></technique_common></source><source id="mixamorig_Neck-Matrix-animation-output-transform"><float_array id="mixamorig_Neck-Matrix-animation-output-transform-array" count="336">

0.992065 0.039784 -0.119265 -0.003900 -0.059261 0.984594 -0.164506 14.257600 0.110883 0.170268 0.979139 2.618200 0.000000 0.000000 0.000000 1.000000
0.990539 0.038174 -0.131816 -0.003900 -0.060004 0.984326 -0.165837 14.257600 0.123419 0.172178 0.977304 2.618200 0.000000 0.000000 0.000000 1.000000
0.988794 0.030085 -0.146226 -0.003900 -0.054936 0.984082 -0.169011 14.257600 0.138814 0.175150 0.974707 2.618200 0.000000 0.000000 0.000000 1.000000
0.986525 0.018450 -0.162567 -0.003900 -0.045623 0.985230 -0.165046 14.257600 0.157121 0.170239 0.972796 2.618200 0.000000 0.000000 0.000000 1.000000
0.984186 0.010972 -0.176799 -0.003900 -0.038409 0.987553 -0.152527 14.257600 0.172925 0.156905 0.972357 2.618200 0.000000 0.000000 0.000000 1.000000
0.983157 0.010102 -0.182483 -0.003900 -0.036612 0.989118 -0.142499 14.257600 0.179058 0.146780 0.972828 2.618200 0.000000 0.000000 0.000000 1.000000
0.984200 0.012473 -0.176623 -0.003900 -0.038408 0.988804 -0.144193 14.257600 0.172847 0.148698 0.973659 2.618200 0.000000 0.000000 0.000000 1.000000
0.986597 0.016252 -0.162364 -0.003900 -0.041311 0.987489 -0.152180 14.257600 0.157859 0.156848 0.974925 2.618200 0.000000 0.000000 0.000000 1.000000
0.989101 0.020784 -0.145767 -0.003900 -0.043413 0.987144 -0.153826 14.257600 0.140696 0.158477 0.977287 2.618200 0.000000 0.000000 0.000000 1.000000
0.991074 0.025758 -0.130800 -0.003900 -0.044903 0.988324 -0.145600 14.257600 0.125523 0.150174 0.980659 2.618200 0.000000 0.000000 0.000000 1.000000
0.992603 0.034654 -0.116352 -0.003900 -0.050814 0.988997 -0.138935 14.257600 0.110258 0.143820 0.983442 2.618200 0.000000 0.000000 0.000000 1.000000
0.993862 0.049066 -0.099156 -0.003900 -0.063236 0.987374 -0.145240 14.257600 0.090777 0.150619 0.984415 2.618200 0.000000 0.000000 0.000000 1.000000
0.994905 0.061736 -0.079708 -0.003900 -0.074027 0.984039 -0.161822 14.257600 0.068446 0.166898 0.983595 2.618200 0.000000 0.000000 0.000000 1.000000
0.995860 0.065422 -0.063104 -0.003900 -0.075847 0.980695 -0.180237 14.257600 0.050094 0.184277 0.981597 2.618200 0.000000 0.000000 0.000000 1.000000
0.996481 0.064302 -0.053770 -0.003900 -0.073663 0.977891 -0.195711 14.257600 0.039997 0.198983 0.979186 2.618200 0.000000 0.000000 0.000000 1.000000
0.996365 0.067109 -0.052472 -0.003900 -0.076500 0.975868 -0.204524 14.257600 0.037480 0.207794 0.977454 2.618200 0.000000 0.000000 0.000000 1.000000
0.995583 0.072485 -0.059663 -0.003900 -0.083137 0.975927 -0.201632 14.257600 0.043612 0.205701 0.977643 2.618200 0.000000 0.000000 0.000000 1.000000
0.994633 0.068852 -0.077233 -0.003900 -0.082279 0.978921 -0.186931 14.257600 0.062734 0.192283 0.979332 2.618200 0.000000 0.000000 0.000000 1.000000
0.993454 0.051870 -0.101779 -0.003900 -0.068752 0.983026 -0.170095 14.257600 0.091228 0.175979 0.980157 2.618200 0.000000 0.000000 0.000000 1.000000
0.992118 0.035081 -0.120294 -0.003900 -0.054490 0.985274 -0.162066 14.257600 0.112837 0.167344 0.979420 2.618200 0.000000 0.000000 0.000000 1.000000
0.992065 0.039783 -0.119265 -0.003900 -0.059261 0.984594 -0.164506 14.257600 0.110883 0.170269 0.979139 2.618200 0.000000 0.000000 0.000000 1.000000</float_array><technique_common><accessor source="#mixamorig_Neck-Matrix-animation-output-transform-array" count="21" stride="16"><param type="float4x4"/></accessor></technique_common></source><source id="mixamorig_Neck-Interpolations"><Name_array id="mixamorig_Neck-Interpolations-array" count="21">
 LINEAR LINEAR LINEAR LINEAR LINEAR LINEAR LINEAR LINEAR LINEAR LINEAR LINEAR
LINEAR LINEAR LINEAR LINEAR LINEAR LINEAR LINEAR LINEAR LINEAR LINEAR</Name_array><technique_common><accessor source="#mixamorig_Neck-Interpolations-array" count="21"><param type="name"/></accessor></technique_common></source><sampler id="mixamorig_Neck-Matrix-animation-transform"><input semantic="INPUT" source="#mixamorig_Neck-Matrix-animation-input"/><input semantic="OUTPUT" source="#mixamorig_Neck-Matrix-animation-output-transform"/><input semantic="INTERPOLATION" source="#mixamorig_Neck-Interpolations"/></sampler><channel source="#mixamorig_Neck-Matrix-animation-transform" target="mixamorig_Neck/matrix"/></animation>
    <animation id="mixamorig_Head-anim" name="mixamorig_Head"><source id="mixamorig_Head-Matrix-animation-input"><float_array id="mixamorig_Head-Matrix-animation-input-array" count="21">

0.000000 0.033333 0.066667 0.100000 0.133333 0.166667 0.200000 0.233333 0.266667 0.300000 0.333333 0.366667 0.400000 0.433333 0.466667 0.500000
0.533333 0.566667 0.600000 0.633333 0.666667</float_array><technique_common><accessor source="#mixamorig_Head-Matrix-animation-input-array" count="21"><param name="TIME" type="float"/></accessor></technique_common></source><source id="mixamorig_Head-Matrix-animation-output-transform"><float_array id="mixamorig_Head-Matrix-animation-output-transform-array" count="336">

0.654083 -0.194418 -0.731011 -0.000500 0.480879 0.852856 0.203450 10.387000 0.583893 -0.484601 0.651330 1.832200 0.000000 0.000000 0.000000 1.000000
0.630284 -0.178176 -0.755642 -0.000500 0.464746 0.866244 0.183391 10.387000 0.621895 -0.466770 0.628787 1.832200 0.000000 0.000000 0.000000 1.000000
0.585422 -0.189951 -0.788162 -0.000500 0.458486 0.879344 0.128623 10.387000 0.668634 -0.436660 0.601877 1.832200 0.000000 0.000000 0.000000 1.000000
0.530484 -0.204171 -0.822740 -0.000500 0.461809 0.883498 0.078515 10.387000 0.710858 -0.421600 0.562969 1.832200 0.000000 0.000000 0.000000 1.000000
0.491520 -0.197207 -0.848244 -0.000500 0.467739 0.881390 0.066121 10.387000 0.734594 -0.429257 0.525462 1.832200 0.000000 0.000000 0.000000 1.000000
0.487497 -0.176010 -0.855200 -0.000500 0.468248 0.879409 0.085927 10.387000 0.736947 -0.442335 0.511125 1.832200 0.000000 0.000000 0.000000 1.000000
0.513621 -0.162417 -0.842505 -0.000500 0.461664 0.879981 0.111805 10.387000 0.723229 -0.446379 0.526958 1.832200 0.000000 0.000000 0.000000 1.000000
0.550337 -0.166140 -0.818246 -0.000500 0.459658 0.878411 0.130802 10.387000 0.697024 -0.448099 0.559790 1.832200 0.000000 0.000000 0.000000 1.000000
0.581661 -0.184054 -0.792335 -0.000500 0.474956 0.867623 0.147127 10.387000 0.660369 -0.461902 0.592080 1.832200 0.000000 0.000000 0.000000 1.000000
0.606212 -0.204133 -0.768659 -0.000500 0.496520 0.852144 0.165282 10.387000 0.621269 -0.481850 0.617937 1.832200 0.000000 0.000000 0.000000 1.000000
0.634096 -0.213350 -0.743239 -0.000500 0.497787 0.848154 0.181223 10.387000 0.591717 -0.484887 0.644015 1.832200 0.000000 0.000000 0.000000 1.000000
0.672061 -0.211162 -0.709750 -0.000500 0.473259 0.859664 0.192364 10.387000 0.569527 -0.465176 0.677681 1.832200 0.000000 0.000000 0.000000 1.000000
0.714458 -0.209971 -0.667429 -0.000500 0.443223 0.873925 0.199519 10.387000 0.541390 -0.438368 0.717447 1.832200 0.000000 0.000000 0.000000 1.000000
0.748418 -0.219360 -0.625901 -0.000500 0.425118 0.883023 0.198859 10.387000 0.509064 -0.414911 0.754124 1.832200 0.000000 0.000000 0.000000 1.000000
0.766060 -0.233560 -0.598834 -0.000500 0.416106 0.890283 0.185072 10.387000 0.489906 -0.390955 0.779196 1.832200 0.000000 0.000000 0.000000 1.000000
0.768529 -0.239279 -0.593388 -0.000500 0.405662 0.899425 0.162709 10.387000 0.494775 -0.365761 0.788300 1.832200 0.000000 0.000000 0.000000 1.000000
0.757202 -0.229355 -0.611589 -0.000500 0.394208 0.907041 0.147911 10.387000 0.520812 -0.353091 0.777227 1.832200 0.000000 0.000000 0.000000 1.000000
0.729428 -0.206976 -0.651993 -0.000500 0.394444 0.905977 0.153688 10.387000 0.558881 -0.369279 0.742486 1.832200 0.000000 0.000000 0.000000 1.000000
0.689345 -0.184605 -0.700517 -0.000500 0.416352 0.892287 0.174571 10.387000 0.592835 -0.412002 0.691955 1.832200 0.000000 0.000000 0.000000 1.000000
0.657981 -0.177285 -0.731868 -0.000500 0.451164 0.870957 0.194639 10.387000 0.602919 -0.458261 0.653058 1.832200 0.000000 0.000000 0.000000 1.000000
0.654083 -0.194418 -0.731011 -0.000500 0.480879 0.852856 0.203450 10.387000 0.583893 -0.484601 0.651330 1.832200 0.000000 0.000000 0.000000 1.000000</float_array><technique_common><accessor source="#mixamorig_Head-Matrix-animation-output-transform-array" count="21" stride="16"><param type="float4x4"/></accessor></technique_common></source><source id="mixamorig_Head-Interpolations"><Name_array id="mixamorig_Head-Interpolations-array" count="21">
 LINEAR LINEAR LINEAR LINEAR LINEAR LINEAR LINEAR LINEAR LINEAR LINEAR LINEAR
LINEAR LINEAR LINEAR LINEAR LINEAR LINEAR LINEAR LINEAR LINEAR LINEAR</Name_array><technique_common><accessor source="#mixamorig_Head-Interpolations-array" count="21"><param type="name"/></accessor></technique_common></source><sampler id="mixamorig_Head-Matrix-animation-transform"><input semantic="INPUT" source="#mixamorig_Head-Matrix-animation-input"/><input semantic="OUTPUT" source="#mixamorig_Head-Matrix-animation-output-transform"/><input semantic="INTERPOLATION" source="#mixamorig_Head-Interpolations"/></sampler><channel source="#mixamorig_Head-Matrix-animation-transform" target="mixamorig_Head/matrix"/></animation>
    <animation id="mixamorig_LeftShoulder-anim" name="mixamorig_LeftShoulder"><source id="mixamorig_LeftShoulder-Matrix-animation-input"><float_array id="mixamorig_LeftShoulder-Matrix-animation-input-array" count="21">

0.000000 0.033333 0.066667 0.100000 0.133333 0.166667 0.200000 0.233333 0.266667 0.300000 0.333333 0.366667 0.400000 0.433333 0.466667 0.500000
0.533333 0.566667 0.600000 0.633333 0.666667</float_array><technique_common><accessor source="#mixamorig_LeftShoulder-Matrix-animation-input-array" count="21"><param name="TIME" type="float"/></accessor></technique_common></source><source id="mixamorig_LeftShoulder-Matrix-animation-output-transform"><float_array id="mixamorig_LeftShoulder-Matrix-animation-output-transform-array" count="336">

-0.001790 0.982303 -0.187289 5.443200 0.392690 -0.171554 -0.903529 8.452300 -0.919669 -0.075164 -0.385434 1.674300 0.000000 0.000000 0.000000 1.000000
-0.007391 0.983257 -0.182075 5.443200 0.391987 -0.164658 -0.905115 8.452300 -0.919941 -0.078060 -0.384207 1.674300 0.000000 0.000000 0.000000 1.000000
-0.014456 0.984863 -0.172730 5.443200 0.390586 -0.153461 -0.907685 8.452300 -0.920453 -0.080588 -0.382455 1.674300 0.000000 0.000000 0.000000 1.000000
-0.005303 0.987113 -0.159936 5.443200 0.389091 -0.145298 -0.909669 8.452300 -0.921184 -0.067053 -0.383306 1.674300 0.000000 0.000000 0.000000 1.000000
0.017687 0.988531 -0.149978 5.443200 0.388517 -0.145009 -0.909960 8.452300 -0.921272 -0.042175 -0.386626 1.674300 0.000000 0.000000 0.000000 1.000000
0.039457 0.988195 -0.148031 5.443200 0.388817 -0.151654 -0.908748 8.452300 -0.920470 -0.021701 -0.390211 1.674300 0.000000 0.000000 0.000000 1.000000
0.052572 0.986547 -0.154793 5.443200 0.389739 -0.162985 -0.906388 8.452300 -0.919424 -0.012678 -0.393064 1.674300 0.000000 0.000000 0.000000 1.000000
0.060179 0.983517 -0.170509 5.443200 0.391395 -0.180389 -0.902369 8.452300 -0.918253 -0.012432 -0.395799 1.674300 0.000000 0.000000 0.000000 1.000000
0.064740 0.979413 -0.191206 5.443200 0.393447 -0.201139 -0.897074 8.452300 -0.917065 -0.017153 -0.398369 1.674300 0.000000 0.000000 0.000000 1.000000
0.068038 0.976559 -0.204214 5.443200 0.394709 -0.214336 -0.893457 8.452300 -0.916284 -0.019816 -0.400040 1.674300 0.000000 0.000000 0.000000 1.000000
0.072345 0.977749 -0.196907 5.443200 0.393927 -0.209385 -0.894975 8.452300 -0.916290 -0.012820 -0.400309 1.674300 0.000000 0.000000 0.000000 1.000000
0.075146 0.982299 -0.171588 5.443200 0.391650 -0.187320 -0.900845 8.452300 -0.917040 0.000493 -0.398794 1.674300 0.000000 0.000000 0.000000 1.000000
0.068062 0.987140 -0.144647 5.443200 0.389411 -0.159769 -0.907102 8.452300 -0.918546 0.005412 -0.395277 1.674300 0.000000 0.000000 0.000000 1.000000
0.047783 0.990441 -0.129396 5.443200 0.387625 -0.137778 -0.911462 8.452300 -0.920578 -0.006605 -0.390503 1.674300 0.000000 0.000000 0.000000 1.000000
0.023969 0.991543 -0.127545 5.443200 0.386558 -0.126851 -0.913500 8.452300 -0.921953 -0.027408 -0.386330 1.674300 0.000000 0.000000 0.000000 1.000000
0.010006 0.990885 -0.134340 5.443200 0.386750 -0.127726 -0.913296 8.452300 -0.922130 -0.042818 -0.384503 1.674300 0.000000 0.000000 0.000000 1.000000
0.010241 0.989305 -0.145502 5.443200 0.388118 -0.138034 -0.911214 8.452300 -0.921553 -0.047140 -0.385381 1.674300 0.000000 0.000000 0.000000 1.000000
0.021365 0.987339 -0.157178 5.443200 0.389896 -0.152995 -0.908061 8.452300 -0.920611 -0.041883 -0.388228 1.674300 0.000000 0.000000 0.000000 1.000000
0.034822 0.985582 -0.165579 5.443200 0.391174 -0.165902 -0.905240 8.452300 -0.919658 -0.033248 -0.391311 1.674300 0.000000 0.000000 0.000000 1.000000
0.033150 0.984439 -0.172570 5.443200 0.391837 -0.171643 -0.903882 8.452300 -0.919437 -0.037655 -0.391430 1.674300 0.000000 0.000000 0.000000 1.000000
-0.001790 0.982303 -0.187289 5.443200 0.392690 -0.171554 -0.903528 8.452300 -0.919669 -0.075164 -0.385434 1.674300 0.000000 0.000000 0.000000 1.000000</float_array><technique_common><accessor source="#mixamorig_LeftShoulder-Matrix-animation-output-transform-array" count="21" stride="16"><param type="float4x4"/></accessor></technique_common></source><source id="mixamorig_LeftShoulder-Interpolations"><Name_array id="mixamorig_LeftShoulder-Interpolations-array" count="21">
 LINEAR LINEAR LINEAR LINEAR LINEAR LINEAR LINEAR LINEAR LINEAR LINEAR LINEAR
LINEAR LINEAR LINEAR LINEAR LINEAR LINEAR LINEAR LINEAR LINEAR LINEAR</Name_array><technique_common><accessor source="#mixamorig_LeftShoulder-Interpolations-array" count="21"><param type="name"/></accessor></technique_common></source><sampler id="mixamorig_LeftShoulder-Matrix-animation-transform"><input semantic="INPUT" source="#mixamorig_LeftShoulder-Matrix-animation-input"/><input semantic="OUTPUT" source="#mixamorig_LeftShoulder-Matrix-animation-output-transform"/><input semantic="INTERPOLATION" source="#mixamorig_LeftShoulder-Interpolations"/></sampler><channel source="#mixamorig_LeftShoulder-Matrix-animation-transform" target="mixamorig_LeftShoulder/matrix"/></animation>
    <animation id="mixamorig_LeftArm-anim" name="mixamorig_LeftArm"><source id="mixamorig_LeftArm-Matrix-animation-input"><float_array id="mixamorig_LeftArm-Matrix-animation-input-array" count="21">

0.000000 0.033333 0.066667 0.100000 0.133333 0.166667 0.200000 0.233333 0.266667 0.300000 0.333333 0.366667 0.400000 0.433333 0.466667 0.500000
0.533333 0.566667 0.600000 0.633333 0.666667</float_array><technique_common><accessor source="#mixamorig_LeftArm-Matrix-animation-input-array" count="21"><param name="TIME" type="float"/></accessor></technique_common></source><source id="mixamorig_LeftArm-Matrix-animation-output-transform"><float_array id="mixamorig_LeftArm-Matrix-animation-output-transform-array" count="336">

0.916871 0.235916 0.322011 -0.000000 0.144770 0.555240 -0.818993 11.801100 -0.372007 0.797529 0.474930 0.000000 0.000000 0.000000 0.000000 1.000000
0.930047 0.213823 0.298818 -0.000000 0.172113 0.464997 -0.868421 11.801100 -0.324638 0.859103 0.395668 0.000000 0.000000 0.000000 0.000000 1.000000
0.932426 0.267651 0.242784 0.000000 0.119308 0.406167 -0.905977 11.801100 -0.341097 0.873723 0.346788 -0.000000 0.000000 0.000000 0.000000 1.000000
0.930731 0.328963 0.159756 -0.000000 0.020027 0.390343 -0.920452 11.801100 -0.365155 0.859893 0.356716 0.000000 0.000000 0.000000 0.000000 1.000000
0.932797 0.349354 0.088559 0.000000 -0.066046 0.407258 -0.910922 11.801100 -0.354300 0.843856 0.402962 -0.000000 0.000000 0.000000 0.000000 1.000000
0.944160 0.322245 0.068706 -0.000000 -0.083181 0.434888 -0.896635 11.801100 -0.318815 0.840851 0.437408 -0.000000 0.000000 0.000000 0.000000 1.000000
0.957207 0.271166 0.101110 0.000000 -0.034742 0.454518 -0.890060 11.801100 -0.287310 0.848459 0.444488 -0.000000 0.000000 0.000000 0.000000 1.000000
0.967317 0.203155 0.151742 0.000000 0.037809 0.476175 -0.878538 11.801100 -0.250735 0.855562 0.452931 0.000000 0.000000 0.000000 0.000000 1.000000
0.977139 0.106541 0.183979 -0.000000 0.102769 0.520846 -0.847442 11.801100 -0.186112 0.846976 0.497990 -0.000000 0.000000 0.000000 0.000000 1.000000
0.983580 -0.027723 0.178328 -0.000000 0.160390 0.587266 -0.793344 11.801100 -0.082732 0.808919 0.582070 0.000000 0.000000 0.000000 0.000000 1.000000
0.973976 -0.181665 0.135534 -0.000000 0.222372 0.650230 -0.726465 11.801100 0.043845 0.737699 0.673705 -0.000000 0.000000 0.000000 0.000000 1.000000
0.950968 -0.301819 0.067560 0.000000 0.267339 0.692293 -0.670269 11.801100 0.155529 0.655466 0.739036 0.000000 0.000000 0.000000 0.000000 1.000000
0.940640 -0.338462 -0.025315 0.000000 0.243883 0.725893 -0.643117 11.801100 0.236047 0.598767 0.765349 -0.000000 0.000000 0.000000 0.000000 1.000000
0.947962 -0.277162 -0.156683 -0.000000 0.116260 0.759473 -0.640066 11.801100 0.296399 0.588542 0.752175 0.000000 0.000000 0.000000 0.000000 1.000000
0.937150 -0.165246 -0.307315 0.000000 -0.073937 0.766702 -0.637731 11.801100 0.341002 0.620372 0.706297 0.000000 0.000000 0.000000 0.000000 1.000000
0.915405 -0.076125 -0.395270 0.000000 -0.210636 0.746199 -0.631522 11.801100 0.343024 0.661356 0.667040 -0.000000 0.000000 0.000000 0.000000 1.000000
0.942084 -0.021816 -0.334668 -0.000000 -0.212644 0.732805 -0.646358 11.801100 0.259347 0.680089 0.685725 0.000000 0.000000 0.000000 0.000000 1.000000
0.993647 0.014959 -0.111544 -0.000000 -0.087766 0.723413 -0.684814 11.801100 0.070448 0.690253 0.720130 0.000000 0.000000 0.000000 0.000000 1.000000
0.986599 0.053462 0.154159 -0.000000 0.075016 0.690403 -0.719525 11.801100 -0.144899 0.721447 0.677140 0.000000 0.000000 0.000000 0.000000 1.000000
0.941687 0.126048 0.311989 0.000000 0.166090 0.632249 -0.756753 11.801100 -0.292642 0.764443 0.574445 0.000000 0.000000 0.000000 0.000000 1.000000
0.916871 0.235916 0.322011 0.000000 0.144770 0.555241 -0.818993 11.801100 -0.372007 0.797529 0.474930 0.000000 0.000000 0.000000 0.000000 1.000000</float_array><technique_common><accessor source="#mixamorig_LeftArm-Matrix-animation-output-transform-array" count="21" stride="16"><param type="float4x4"/></accessor></technique_common></source><source id="mixamorig_LeftArm-Interpolations"><Name_array id="mixamorig_LeftArm-Interpolations-array" count="21">
 LINEAR LINEAR LINEAR LINEAR LINEAR LINEAR LINEAR LINEAR LINEAR LINEAR LINEAR
LINEAR LINEAR LINEAR LINEAR LINEAR LINEAR LINEAR LINEAR LINEAR LINEAR</Name_array><technique_common><accessor source="#mixamorig_LeftArm-Interpolations-array" count="21"><param type="name"/></accessor></technique_common></source><sampler id="mixamorig_LeftArm-Matrix-animation-transform"><input semantic="INPUT" source="#mixamorig_LeftArm-Matrix-animation-input"/><input semantic="OUTPUT" source="#mixamorig_LeftArm-Matrix-animation-output-transform"/><input semantic="INTERPOLATION" source="#mixamorig_LeftArm-Interpolations"/></sampler><channel source="#mixamorig_LeftArm-Matrix-animation-transform" target="mixamorig_LeftArm/matrix"/></animation>
    <animation id="mixamorig_LeftForeArm-anim" name="mixamorig_LeftForeArm"><source id="mixamorig_LeftForeArm-Matrix-animation-input"><float_array id="mixamorig_LeftForeArm-Matrix-animation-input-array" count="21">

0.000000 0.033333 0.066667 0.100000 0.133333 0.166667 0.200000 0.233333 0.266667 0.300000 0.333333 0.366667 0.400000 0.433333 0.466667 0.500000
