<?xml version="1.0" encoding="utf-8"?>
<COLLADA xmlns="http://www.collada.org/2005/11/COLLADASchema" version="1.4.1">
  <asset><contributor><author>Mixamo</author><authoring_tool>COLLADA Mixamo exporter</authoring_tool><comments></comments></contributor><created>2015-09-12T17:58:41Z</created><modified>2015-09-12T17:58:41Z</modified><revision></revision><title></title><unit meter="0.010000"/><up_axis>Y_UP</up_axis></asset>
  <library_animations>
    <animation id="mixamorig_Hips-anim" name="mixamorig_Hips"><source id="mixamorig_Hips-Matrix-animation-input"><float_array id="mixamorig_Hips-Matrix-animation-input-array" count="21">

0.000000 0.033333 0.066667 0.100000 0.133333 0.166667 0.200000 0.233333 0.266667 0.300000 0.333333 0.366667 0.400000 0.433333 0.466667 0.500000
0.533333 0.566667 0.600000 0.633333 0.666667</float_array><technique_common><accessor source="#mixamorig_Hips-Matrix-animation-input-array" count="21"><param name="TIME" type="float"/></accessor></technique_common></source><source id="mixamorig_Hips-Matrix-animation-output-transform"><float_array id="mixamorig_Hips-Matrix-animation-output-transform-array" count="336">

0.161352 -0.338397 -0.927067 -1.002026 -0.024491 0.937713 -0.346546 91.264816 0.986593 0.078620 0.143014 0.313597 0.000000 0.000000 0.000000 1.000000
0.142774 -0.351770 -0.925134 -15.816465 0.005564 0.934980 -0.354656 91.300064 0.989740 0.045489 0.135448 0.357504 0.000000 0.000000 0.000000 1.000000
0.126952 -0.361658 -0.923627 -30.729219 0.055669 0.932291 -0.357399 92.298630 0.990346 -0.006045 0.138489 0.391121 0.000000 0.000000 0.000000 1.000000
0.127403 -0.365679 -0.921980 -45.848129 0.103129 0.929400 -0.354372 93.602577 0.986475 -0.049935 0.156121 0.343100 0.000000 0.000000 0.000000 1.000000
0.150863 -0.360675 -0.920410 -61.334923 0.119817 0.930873 -0.345136 94.503845 0.981267 -0.058213 0.183650 0.258240 0.000000 0.000000 0.000000 1.000000
0.192557 -0.342371 -0.919622 -77.559921 0.095758 0.939243 -0.329625 94.869141 0.976602 -0.024589 0.213642 0.238050 0.000000 0.000000 0.000000 1.000000
0.237996 -0.313121 -0.919409 -94.280128 0.059425 0.949530 -0.307997 94.907272 0.969446 0.018667 0.244592 0.344415 0.000000 0.000000 0.000000 1.000000
0.267697 -0.289713 -0.918915 -110.192429 0.047623 0.956536 -0.287701 94.442162 0.962325 0.033255 0.269859 0.565315 0.000000 0.000000 0.000000 1.000000
0.272399 -0.291445 -0.916984 -124.710312 0.064971 0.956419 -0.284678 93.366341 0.959988 0.017968 0.279463 0.882728 0.000000 0.000000 0.000000 1.000000
0.269267 -0.317296 -0.909295 -138.496628 0.097230 0.948300 -0.302114 92.016350 0.958145 -0.007061 0.286197 1.271727 0.000000 0.000000 0.000000 1.000000
0.271834 -0.341380 -0.899759 -152.312485 0.122923 0.939624 -0.319368 91.018669 0.954461 -0.023786 0.297385 1.695089 0.000000 0.000000 0.000000 1.000000
0.277996 -0.343904 -0.896910 -166.358124 0.122673 0.938780 -0.321936 90.711334 0.952717 -0.020530 0.303165 1.951696 0.000000 0.000000 0.000000 1.000000
0.280868 -0.331588 -0.900646 -180.435318 0.086060 0.943342 -0.320469 91.223633 0.955880 0.012500 0.293491 1.874632 0.000000 0.000000 0.000000 1.000000
0.275870 -0.322814 -0.905366 -194.420242 0.024283 0.943957 -0.329175 92.371826 0.960888 0.068824 0.268248 1.509760 0.000000 0.000000 0.000000 1.000000
0.260118 -0.328645 -0.907927 -208.414795 -0.023758 0.937832 -0.346277 93.735992 0.965285 0.111644 0.236139 1.044548 0.000000 0.000000 0.000000 1.000000
0.237413 -0.342011 -0.909210 -222.613525 -0.032735 0.932623 -0.359365 94.681488 0.970857 0.115082 0.210221 0.742794 0.000000 0.000000 0.000000 1.000000
0.213655 -0.347577 -0.912985 -237.303391 -0.016248 0.933171 -0.359064 94.959183 0.976774 0.091550 0.193729 0.668428 0.000000 0.000000 0.000000 1.000000
0.190310 -0.340488 -0.920788 -252.393784 -0.005332 0.937557 -0.347791 94.393661 0.981710 0.071098 0.176611 0.625798 0.000000 0.000000 0.000000 1.000000
0.171670 -0.331240 -0.927798 -267.157166 -0.010887 0.941084 -0.337997 93.241730 0.985094 0.068125 0.157950 0.487387 0.000000 0.000000 0.000000 1.000000
0.162216 -0.330662 -0.929704 -280.961823 -0.021800 0.940752 -0.338395 92.113365 0.986515 0.075160 0.145396 0.342025 0.000000 0.000000 0.000000 1.000000
0.161351 -0.338397 -0.927067 -294.228241 -0.024491 0.937713 -0.346546 91.264832 0.986593 0.078621 0.143014 0.313596 0.000000 0.000000 0.000000 1.000000</float_array><technique_common><accessor source="#mixamorig_Hips-Matrix-animation-output-transform-array" count="21" stride="16"><param type="float4x4"/></accessor></technique_common></source><source id="mixamorig_Hips-Interpolations"><Name_array id="mixamorig_Hips-Interpolations-array" count="21">
 LINEAR LINEAR LINEAR LINEAR LINEAR LINEAR LINEAR LINEAR LINEAR LINEAR LINEAR
LINEAR LINEAR LINEAR LINEAR LINEAR LINEAR LINEAR LINEAR LINEAR LINEAR</Name_array><technique_common><accessor source="#mixamorig_Hips-Interpolations-array" count="21"><param type="name"/></accessor></technique_common></source><sampler id="mixamorig_Hips-Matrix-animation-transform"><input semantic="INPUT" source="#mixamorig_Hips-Matrix-animation-input"/><input semantic="OUTPUT" source="#mixamorig_Hips-Matrix-animation-output-transform"/><input semantic="INTERPOLATION" source="#mixamorig_Hips-Interpolations"/></sampler><channel source="#mixamorig_Hips-Matrix-animation-transform" target="mixamorig_Hips/matrix"/></animation>
    <animation id="mixamorig_Spine-anim" name="mixamorig_Spine"><source id="mixamorig_Spine-Matrix-animation-input"><float_array id="mixamorig_Spine-Matrix-animation-input-array" count="21">

0.000000 0.033333 0.066667 0.100000 0.133333 0.166667 0.200000 0.233333 0.266667 0.300000 0.333333 0.366667 0.400000 0.433333 0.466667 0.500000
0.533333 0.566667 0.600000 0.633333 0.666667</float_array><technique_common><accessor source="#mixamorig_Spine-Matrix-animation-input-array" count="21"><param name="TIME" type="float"/></accessor></technique_common></source><source id="mixamorig_Spine-Matrix-animation-output-transform"><float_array id="mixamorig_Spine-Matrix-animation-output-transform-array" count="336">

0.983218 0.011486 0.182073 0.003800 -0.010990 0.999933 -0.003734 9.469100 -0.182104 0.001671 0.983278 -0.797400 0.000000 0.000000 0.000000 1.000000
0.973532 0.048986 0.223239 0.003800 -0.047505 0.998799 -0.012003 9.469100 -0.223559 0.001080 0.974690 -0.797400 0.000000 0.000000 0.000000 1.000000
0.957904 0.105775 0.266892 0.003800 -0.104186 0.994354 -0.020150 9.469100 -0.267516 -0.008504 0.963516 -0.797400 0.000000 0.000000 0.000000 1.000000
0.938622 0.153373 0.308975 0.003800 -0.152659 0.987920 -0.026643 9.469100 -0.309328 -0.022160 0.950697 -0.797400 0.000000 0.000000 0.000000 1.000000
0.925346 0.165362 0.341161 0.003800 -0.166899 0.985655 -0.025062 9.469100 -0.340411 -0.033749 0.939671 -0.797400 0.000000 0.000000 0.000000 1.000000
0.924747 0.136989 0.355073 0.003800 -0.142454 0.989742 -0.010843 9.469100 -0.352916 -0.040554 0.934776 -0.797400 0.000000 0.000000 0.000000 1.000000
0.934505 0.096669 0.342572 0.003800 -0.105330 0.994415 0.006723 9.469100 -0.340009 -0.042366 0.939467 -0.797400 0.000000 0.000000 0.000000 1.000000
0.949898 0.080259 0.302081 0.003800 -0.088249 0.996015 0.012871 9.469100 -0.299844 -0.038885 0.953196 -0.797400 0.000000 0.000000 0.000000 1.000000
0.965060 0.091084 0.245687 0.003800 -0.095857 0.995367 0.007511 9.469100 -0.243865 -0.030799 0.969320 -0.797400 0.000000 0.000000 0.000000 1.000000
0.975884 0.110337 0.188351 0.003800 -0.111995 0.993707 -0.001849 9.469100 -0.187369 -0.019290 0.982100 -0.797400 0.000000 0.000000 0.000000 1.000000
0.982011 0.118480 0.147027 0.003800 -0.118319 0.992927 -0.009872 9.469100 -0.147157 -0.007702 0.989083 -0.797400 0.000000 0.000000 0.000000 1.000000
0.987006 0.105031 0.121608 0.003800 -0.104540 0.994466 -0.010430 9.469100 -0.122030 -0.002418 0.992523 -0.797400 0.000000 0.000000 0.000000 1.000000
0.992866 0.066436 0.099008 0.003800 -0.066949 0.997755 0.001859 9.469100 -0.098662 -0.008474 0.995085 -0.797400 0.000000 0.000000 0.000000 1.000000
0.997427 0.013181 0.070464 0.003800 -0.014757 0.999651 0.021893 9.469100 -0.070151 -0.022877 0.997274 -0.797400 0.000000 0.000000 0.000000 1.000000
0.998945 -0.024212 0.039011 0.003800 0.022792 0.999076 0.036446 9.469100 -0.039857 -0.035518 0.998574 -0.797400 0.000000 0.000000 0.000000 1.000000
0.999500 -0.026915 0.016622 0.003800 0.026245 0.998883 0.039297 9.469100 -0.017661 -0.038841 0.999089 -0.797400 0.000000 0.000000 0.000000 1.000000
0.999872 -0.004402 0.015408 0.003800 0.003865 0.999392 0.034655 9.469100 -0.015551 -0.034591 0.999281 -0.797400 0.000000 0.000000 0.000000 1.000000
0.999021 0.017382 0.040689 0.003800 -0.018504 0.999455 0.027349 9.469100 -0.040192 -0.028075 0.998797 -0.797400 0.000000 0.000000 0.000000 1.000000
0.996110 0.021429 0.085471 0.003800 -0.023110 0.999558 0.018727 9.469100 -0.085032 -0.020629 0.996165 -0.797400 0.000000 0.000000 0.000000 1.000000
0.990523 0.013285 0.136701 0.003800 -0.014630 0.999854 0.008838 9.469100 -0.136564 -0.010754 0.990573 -0.797400 0.000000 0.000000 0.000000 1.000000
0.983218 0.011486 0.182073 0.003800 -0.010990 0.999933 -0.003734 9.469100 -0.182103 0.001671 0.983278 -0.797400 0.000000 0.000000 0.000000 1.000000</float_array><technique_common><accessor source="#mixamorig_Spine-Matrix-animation-output-transform-array" count="21" stride="16"><param type="float4x4"/></accessor></technique_common></source><source id="mixamorig_Spine-Interpolations"><Name_array id="mixamorig_Spine-Interpolations-array" count="21">
 LINEAR LINEAR LINEAR LINEAR LINEAR LINEAR LINEAR LINEAR LINEAR LINEAR LINEAR
LINEAR LINEAR LINEAR LINEAR LINEAR LINEAR LINEAR LINEAR LINEAR LINEAR</Name_array><technique_common><accessor source="#mixamorig_Spine-Interpolations-array" count="21"><param type="name"/></accessor></technique_common></source><sampler id="mixamorig_Spine-Matrix-animation-transform"><input semantic="INPUT" source="#mixamorig_Spine-Matrix-animation-input"/><input semantic="OUTPUT" source="#mixamorig_Spine-Matrix-animation-output-transform"/><input semantic="INTERPOLATION" source="#mixamorig_Spine-Interpolations"/></sampler><channel source="#mixamorig_Spine-Matrix-animation-transform" target="mixamorig_Spine/matrix"/></animation>
    <animation id="mixamorig_Spine1-anim" name="mixamorig_Spine1"><source id="mixamorig_Spine1-Matrix-animation-input"><float_array id="mixamorig_Spine1-Matrix-animation-input-array" count="21">

0.000000 0.033333 0.066667 0.100000 0.133333 0.166667 0.200000 0.233333 0.266667 0.300000 0.333333 0.366667 0.400000 0.433333 0.466667 0.500000
0.533333 0.566667 0.600000 0.633333 0.666667</float_array><technique_common><accessor source="#mixamorig_Spine1-Matrix-animation-input-array" count="21"><param name="TIME" type="float"/></accessor></technique_common></source><source id="mixamorig_Spine1-Matrix-animation-output-transform"><float_array id="mixamorig_Spine1-Matrix-animation-output-transform-array" count="336">

0.997049 0.009184 0.076218 0.000000 -0.007147 0.999611 -0.026947 10.885900 -0.076436 0.026323 0.996727 0.000000 0.000000 0.000000 0.000000 1.000000
0.995086 0.018398 0.097290 0.000000 -0.015797 0.999499 -0.027436 10.885900 -0.097746 0.025764 0.994878 0.000000 0.000000 0.000000 0.000000 1.000000
0.992568 0.028903 0.118207 0.000000 -0.025984 0.999320 -0.026159 10.885900 -0.118883 0.022893 0.992644 0.000000 0.000000 0.000000 0.000000 1.000000
0.990185 0.036094 0.135026 -0.000000 -0.033166 0.999165 -0.023871 10.885900 -0.135774 0.019158 0.990555 0.000000 0.000000 0.000000 0.000000 1.000000
0.988816 0.036876 0.144513 0.000000 -0.034302 0.999206 -0.020264 10.885900 -0.145146 0.015080 0.989295 -0.000000 0.000000 0.000000 0.000000 1.000000
0.988704 0.032851 0.146238 0.000000 -0.030915 0.999402 -0.015495 10.885900 -0.146660 0.010799 0.989128 0.000000 0.000000 0.000000 0.000000 1.000000
0.989587 0.028927 0.141000 0.000000 -0.027547 0.999552 -0.011726 10.885900 -0.141276 0.007720 0.989940 0.000000 0.000000 0.000000 0.000000 1.000000
0.991312 0.028614 0.128384 0.000000 -0.027373 0.999560 -0.011420 10.885900 -0.128655 0.007807 0.991659 0.000000 0.000000 0.000000 0.000000 1.000000
0.993582 0.031416 0.108666 -0.000000 -0.030005 0.999443 -0.014595 10.885900 -0.109064 0.011241 0.993971 0.000000 0.000000 0.000000 0.000000 1.000000
0.995656 0.034363 0.086540 -0.000000 -0.032816 0.999276 -0.019238 10.885900 -0.087139 0.016314 0.996063 0.000000 0.000000 0.000000 0.000000 1.000000
0.997043 0.034830 0.068498 0.000000 -0.033310 0.999176 -0.023202 10.885900 -0.069250 0.020852 0.997381 -0.000000 0.000000 0.000000 0.000000 1.000000
0.997972 0.031128 0.055522 -0.000000 -0.029805 0.999255 -0.024503 10.885900 -0.056244 0.022799 0.998157 0.000000 0.000000 0.000000 0.000000 1.000000
0.998814 0.022187 0.043336 -0.000000 -0.021240 0.999528 -0.022191 10.885900 -0.043807 0.021244 0.998814 0.000000 0.000000 0.000000 0.000000 1.000000
0.999511 0.010100 0.029599 0.000000 -0.009571 0.999793 -0.017943 10.885900 -0.029774 0.017651 0.999401 0.000000 0.000000 0.000000 0.000000 1.000000
0.999859 0.001262 0.016716 0.000000 -0.001018 0.999893 -0.014586 10.885900 -0.016733 0.014567 0.999754 0.000000 0.000000 0.000000 0.000000 1.000000
0.999956 0.000576 0.009410 0.000000 -0.000452 0.999913 -0.013212 10.885900 -0.009416 0.013207 0.999868 0.000000 0.000000 0.000000 0.000000 1.000000
0.999921 0.005650 0.011264 0.000000 -0.005501 0.999897 -0.013261 10.885900 -0.011337 0.013198 0.999849 -0.000000 0.000000 0.000000 0.000000 1.000000
0.999704 0.009785 0.022280 0.000000 -0.009464 0.999850 -0.014475 10.885900 -0.022418 0.014260 0.999647 0.000000 0.000000 0.000000 0.000000 1.000000
0.999189 0.009769 0.039071 -0.000000 -0.009099 0.999810 -0.017267 10.885900 -0.039232 0.016898 0.999087 -0.000000 0.000000 0.000000 0.000000 1.000000
0.998299 0.008150 0.057725 0.000000 -0.006908 0.999741 -0.021675 10.885900 -0.057887 0.021239 0.998097 0.000000 0.000000 0.000000 0.000000 1.000000
0.997049 0.009184 0.076219 0.000000 -0.007148 0.999611 -0.026947 10.885900 -0.076436 0.026322 0.996727 0.000000 0.000000 0.000000 0.000000 1.000000</float_array><technique_common><accessor source="#mixamorig_Spine1-Matrix-animation-output-transform-array" count="21" stride="16"><param type="float4x4"/></accessor></technique_common></source><source id="mixamorig_Spine1-Interpolations"><Name_array id="mixamorig_Spine1-Interpolations-array" count="21">
 LINEAR LINEAR LINEAR LINEAR LINEAR LINEAR LINEAR LINEAR LINEAR LINEAR LINEAR
LINEAR LINEAR LINEAR LINEAR LINEAR LINEAR LINEAR LINEAR LINEAR LINEAR</Name_array><technique_common><accessor source="#mixamorig_Spine1-Interpolations-array" count="21"><param type="name"/></accessor></technique_common></source><sampler id="mixamorig_Spine1-Matrix-animation-transform"><input semantic="INPUT" source="#mixamorig_Spine1-Matrix-animation-input"/><input semantic="OUTPUT" source="#mixamorig_Spine1-Matrix-animation-output-transform"/><input semantic="INTERPOLATION" source="#mixamorig_Spine1-Interpolations"/></sampler><channel source="#mixamorig_Spine1-Matrix-animation-transform" target="mixamorig_Spine1/matrix"/></animation>
    <animation id="mixamorig_Spine2-anim" name="mixamorig_Spine2"><source id="mixamorig_Spine2-Matrix-animation-input"><float_array id="mixamorig_Spine2-Matrix-animation-input-array" count="21">

0.000000 0.033333 0.066667 0.100000 0.133333 0.166667 0.200000 0.233333 0.266667 0.300000 0.333333 0.366667 0.400000 0.433333 0.466667 0.500000
0.533333 0.566667 0.600000 0.633333 0.666667</float_array><technique_common><accessor source="#mixamorig_Spine2-Matrix-animation-input-array" count="21"><param name="TIME" type="float"/></accessor></technique_common></source><source id="mixamorig_Spine2-Matrix-animation-output-transform"><float_array id="mixamorig_Spine2-Matrix-animation-output-transform-array" count="336">

0.997042 0.010334 0.076159 0.000000 -0.005686 0.998122 -0.060993 12.834400 -0.076646 0.060379 0.995228 0.000000 0.000000 0.000000 0.000000 1.000000
0.995073 0.019879 0.097127 0.000000 -0.013944 0.998016 -0.061399 12.834400 -0.098155 0.059742 0.993376 -0.000000 0.000000 0.000000 0.000000 1.000000
0.992538 0.030516 0.118052 0.000000 -0.023574 0.997934 -0.059767 12.834400 -0.119632 0.056539 0.991207 0.000000 0.000000 0.000000 0.000000 1.000000
0.990133 0.037773 0.134947 0.000000 -0.030298 0.997913 -0.057030 12.834400 -0.136819 0.052379 0.989210 -0.000000 0.000000 0.000000 0.000000 1.000000
0.988750 0.038787 0.144459 0.000000 -0.031379 0.998090 -0.053211 12.834400 -0.146247 0.048079 0.988079 0.000000 0.000000 0.000000 0.000000 1.000000
0.988647 0.035217 0.146073 -0.000000 -0.028378 0.998413 -0.048642 12.834400 -0.147554 0.043944 0.988077 -0.000000 0.000000 0.000000 0.000000 1.000000
0.989551 0.031680 0.140660 0.000000 -0.025534 0.998648 -0.045286 12.834400 -0.141905 0.041222 0.989022 0.000000 0.000000 0.000000 0.000000 1.000000
0.991285 0.031312 0.127956 0.000000 -0.025701 0.998644 -0.045270 12.834400 -0.129200 0.041587 0.990746 -0.000000 0.000000 0.000000 0.000000 1.000000
0.993552 0.033588 0.108287 0.000000 -0.028467 0.998418 -0.048490 12.834400 -0.109744 0.045094 0.992936 0.000000 0.000000 0.000000 0.000000 1.000000
0.995625 0.035904 0.086271 0.000000 -0.031395 0.998098 -0.053057 12.834400 -0.088011 0.050117 0.994858 -0.000000 0.000000 0.000000 0.000000 1.000000
0.997015 0.035977 0.068318 0.000000 -0.032102 0.997858 -0.056991 12.834400 -0.070222 0.054628 0.996034 0.000000 0.000000 0.000000 0.000000 1.000000
0.997946 0.032090 0.055442 0.000000 -0.028846 0.997880 -0.058344 12.834400 -0.057197 0.056625 0.996756 0.000000 0.000000 0.000000 0.000000 1.000000
0.998793 0.022946 0.043430 0.000000 -0.020493 0.998215 -0.056100 12.834400 -0.044640 0.055142 0.997480 0.000000 0.000000 0.000000 0.000000 1.000000
0.999496 0.010594 0.029909 0.000000 -0.009031 0.998611 -0.051916 12.834400 -0.030417 0.051620 0.998203 0.000000 0.000000 0.000000 0.000000 1.000000
0.999852 0.001559 0.017153 0.000000 -0.000723 0.998816 -0.048633 12.834400 -0.017209 0.048614 0.998669 0.000000 0.000000 0.000000 0.000000 1.000000
0.999951 0.000834 0.009821 0.000000 -0.000368 0.998880 -0.047317 12.834400 -0.009849 0.047311 0.998832 0.000000 0.000000 0.000000 0.000000 1.000000
0.999915 0.005984 0.011549 0.000000 -0.005430 0.998862 -0.047382 12.834400 -0.011819 0.047316 0.998810 0.000000 0.000000 0.000000 0.000000 1.000000
0.999696 0.010232 0.022443 0.000000 -0.009132 0.998778 -0.048566 12.834400 -0.022912 0.048346 0.998568 -0.000000 0.000000 0.000000 0.000000 1.000000
0.999179 0.010360 0.039157 0.000000 -0.008344 0.998648 -0.051307 12.834400 -0.039636 0.050938 0.997915 -0.000000 0.000000 0.000000 0.000000 1.000000
0.998291 0.008966 0.057752 0.000000 -0.005745 0.998431 -0.055693 12.834400 -0.058161 0.055266 0.996776 -0.000000 0.000000 0.000000 0.000000 1.000000
0.997042 0.010334 0.076159 -0.000000 -0.005686 0.998122 -0.060993 12.834400 -0.076646 0.060379 0.995228 0.000000 0.000000 0.000000 0.000000 1.000000</float_array><technique_common><accessor source="#mixamorig_Spine2-Matrix-animation-output-transform-array" count="21" stride="16"><param type="float4x4"/></accessor></technique_common></source><source id="mixamorig_Spine2-Interpolations"><Name_array id="mixamorig_Spine2-Interpolations-array" count="21">
 LINEAR LINEAR LINEAR LINEAR LINEAR LINEAR LINEAR LINEAR LINEAR LINEAR LINEAR
LINEAR LINEAR LINEAR LINEAR LINEAR LINEAR LINEAR LINEAR LINEAR LINEAR</Name_array><technique_common><accessor source="#mixamorig_Spine2-Interpolations-array" count="21"><param type="name"/></accessor></technique_common></source><sampler id="mixamorig_Spine2-Matrix-animation-transform"><input semantic="INPUT" source="#mixamorig_Spine2-Matrix-animation-input"/><input semantic="OUTPUT" source="#mixamorig_Spine2-Matrix-animation-output-transform"/><input semantic="INTERPOLATION" source="#mixamorig_Spine2-Interpolations"/></sampler><channel source="#mixamorig_Spine2-Matrix-animation-transform" target="mixamorig_Spine2/matrix"/></animation>
    <animation id="mixamorig_Neck-anim" name="mixamorig_Neck"><source id="mixamorig_Neck-Matrix-animation-input"><float_array id="mixamorig_Neck-Matrix-animation-input-array" count="21">

0.000000 0.033333 0.066667 0.100000 0.133333 0.166667 0.200000 0.233333 0.266667 0.300000 0.333333 0.366667 0.400000 0.433333 0.466667 0.500000
0.533333 0.566667 0.600000 0.633333 0.666667</float_array><technique_common><accessor source="#mixamorig_Neck-Matrix-animation-input-array" count="21"><param name="TIME" type="float"/></accessor></technique_common></source><source id="mixamorig_Neck-Matrix-animation-output-transform"><float_array id="mixamorig_Neck-Matrix-animation-output-transform-array" count="336">

0.991888 -0.029410 0.123664 -0.003900 0.046912 0.988884 -0.141091 14.257600 -0.118139 0.145748 0.982243 2.618200 0.000000 0.000000 0.000000 1.000000
0.993273 -0.042836 0.107579 -0.003900 0.057965 0.988211 -0.141702 14.257600 -0.100240 0.146985 0.984046 2.618200 0.000000 0.000000 0.000000 1.000000
0.994459 -0.055687 0.089168 -0.003900 0.068891 0.985882 -0.152615 14.257600 -0.079411 0.157912 0.984255 2.618200 0.000000 0.000000 0.000000 1.000000
0.995465 -0.063026 0.071248 -0.003900 0.074403 0.982566 -0.170375 14.257600 -0.059268 0.174904 0.982800 2.618200 0.000000 0.000000 0.000000 1.000000
0.996226 -0.064957 0.057566 -0.003900 0.074761 0.979137 -0.188950 14.257600 -0.044091 0.192541 0.980298 2.618200 0.000000 0.000000 0.000000 1.000000
0.996445 -0.066941 0.051144 -0.003900 0.075962 0.976449 -0.201934 14.257600 -0.036422 0.205101 0.978063 2.618200 0.000000 0.000000 0.000000 1.000000
0.996003 -0.070882 0.054349 -0.003900 0.080576 0.975591 -0.204278 14.257600 -0.038543 0.207841 0.977403 2.618200 0.000000 0.000000 0.000000 1.000000
0.995171 -0.070238 0.068559 -0.003900 0.082389 0.977427 -0.194548 14.257600 -0.053346 0.199257 0.978494 2.618200 0.000000 0.000000 0.000000 1.000000
0.994139 -0.059417 0.090317 -0.003900 0.074840 0.981121 -0.178327 14.257600 -0.078016 0.184041 0.979818 2.618200 0.000000 0.000000 0.000000 1.000000
0.992916 -0.044551 0.110146 -0.003900 0.062521 0.984226 -0.165500 14.257600 -0.101036 0.171214 0.980040 2.618200 0.000000 0.000000 0.000000 1.000000
0.991947 -0.036859 0.121170 -0.003900 0.056356 0.985238 -0.161646 14.257600 -0.113423 0.167173 0.979382 2.618200 0.000000 0.000000 0.000000 1.000000
0.991160 -0.036646 0.127509 -0.003900 0.057609 0.984640 -0.164818 14.257600 -0.119511 0.170707 0.978047 2.618200 0.000000 0.000000 0.000000 1.000000
0.989873 -0.034191 0.137775 -0.003900 0.057481 0.983973 -0.168800 14.257600 -0.129795 0.175010 0.975974 2.618200 0.000000 0.000000 0.000000 1.000000
0.987772 -0.025100 0.153874 -0.003900 0.051070 0.984595 -0.167226 14.257600 -0.147306 0.173039 0.973837 2.618200 0.000000 0.000000 0.000000 1.000000
0.985237 -0.014762 0.170559 -0.003900 0.042167 0.986508 -0.158191 14.257600 -0.165923 0.163048 0.972566 2.618200 0.000000 0.000000 0.000000 1.000000
0.983460 -0.009633 0.180867 -0.003900 0.036786 0.988396 -0.147381 14.257600 -0.177349 0.151597 0.972402 2.618200 0.000000 0.000000 0.000000 1.000000
0.983516 -0.010476 0.180516 -0.003900 0.036854 0.988978 -0.143402 14.257600 -0.177024 0.147691 0.973062 2.618200 0.000000 0.000000 0.000000 1.000000
0.985320 -0.014208 0.170123 -0.003900 0.039762 0.988223 -0.147764 14.257600 -0.166020 0.152359 0.974281 2.618200 0.000000 0.000000 0.000000 1.000000
0.987844 -0.018523 0.154342 -0.003900 0.042374 0.987361 -0.152717 14.257600 -0.149562 0.157400 0.976144 2.618200 0.000000 0.000000 0.000000 1.000000
0.990148 -0.023286 0.138077 -0.003900 0.044242 0.987589 -0.150701 14.257600 -0.132854 0.155325 0.978889 2.618200 0.000000 0.000000 0.000000 1.000000
0.991888 -0.029410 0.123664 -0.003900 0.046911 0.988884 -0.141091 14.257600 -0.118140 0.145748 0.982243 2.618200 0.000000 0.000000 0.000000 1.000000</float_array><technique_common><accessor source="#mixamorig_Neck-Matrix-animation-output-transform-array" count="21" stride="16"><param type="float4x4"/></accessor></technique_common></source><source id="mixamorig_Neck-Interpolations"><Name_array id="mixamorig_Neck-Interpolations-array" count="21">
 LINEAR LINEAR LINEAR LINEAR LINEAR LINEAR LINEAR LINEAR LINEAR LINEAR LINEAR
LINEAR LINEAR LINEAR LINEAR LINEAR LINEAR LINEAR LINEAR LINEAR LINEAR</Name_array><technique_common><accessor source="#mixamorig_Neck-Interpolations-array" count="21"><param type="name"/></accessor></technique_common></source><sampler id="mixamorig_Neck-Matrix-animation-transform"><input semantic="INPUT" source="#mixamorig_Neck-Matrix-animation-input"/><input semantic="OUTPUT" source="#mixamorig_Neck-Matrix-animation-output-transform"/><input semantic="INTERPOLATION" source="#mixamorig_Neck-Interpolations"/></sampler><channel source="#mixamorig_Neck-Matrix-animation-transform" target="mixamorig_Neck/matrix"/></animation>
    <animation id="mixamorig_Head-anim" name="mixamorig_Head"><source id="mixamorig_Head-Matrix-animation-input"><float_array id="mixamorig_Head-Matrix-animation-input-array" count="21">

0.000000 0.033333 0.066667 0.100000 0.133333 0.166667 0.200000 0.233333 0.266667 0.300000 0.333333 0.366667 0.400000 0.433333 0.466667 0.500000
0.533333 0.566667 0.600000 0.633333 0.666667</float_array><technique_common><accessor source="#mixamorig_Head-Matrix-animation-input-array" count="21"><param name="TIME" type="float"/></accessor></technique_common></source><source id="mixamorig_Head-Matrix-animation-output-transform"><float_array id="mixamorig_Head-Matrix-animation-output-transform-array" count="336">

0.619057 0.210530 0.756602 -0.000500 -0.500840 0.847899 0.173857 10.387000 -0.604920 -0.486564 0.630339 1.832200 0.000000 0.000000 0.000000 1.000000
0.653466 0.211301 0.726866 -0.000500 -0.484533 0.854508 0.187198 10.387000 -0.581558 -0.474518 0.660774 1.832200 0.000000 0.000000 0.000000 1.000000
0.693850 0.210094 0.688791 -0.000500 -0.458591 0.866378 0.197698 10.387000 -0.555218 -0.453045 0.697484 1.832200 0.000000 0.000000 0.000000 1.000000
0.731954 0.214678 0.646651 -0.000500 -0.434871 0.877816 0.200815 10.387000 -0.524529 -0.428197 0.735878 1.832200 0.000000 0.000000 0.000000 1.000000
0.758917 0.226895 0.610380 -0.000500 -0.419950 0.886906 0.192458 10.387000 -0.497682 -0.402389 0.768372 1.832200 0.000000 0.000000 0.000000 1.000000
0.770376 0.237738 0.591609 -0.000500 -0.409642 0.895589 0.173532 10.387000 -0.488584 -0.376033 0.787328 1.832200 0.000000 0.000000 0.000000 1.000000
0.765475 0.235313 0.598896 -0.000500 -0.398395 0.904205 0.153934 10.387000 -0.505302 -0.356429 0.785893 1.832200 0.000000 0.000000 0.000000 1.000000
0.743310 0.217868 0.632474 -0.000500 -0.392356 0.907761 0.148417 10.387000 -0.541800 -0.358475 0.760229 1.832200 0.000000 0.000000 0.000000 1.000000
0.708127 0.196195 0.678280 -0.000500 -0.404976 0.899764 0.162537 10.387000 -0.578404 -0.389784 0.716602 1.832200 0.000000 0.000000 0.000000 1.000000
0.674939 0.182397 0.714975 -0.000500 -0.435691 0.880529 0.186662 10.387000 -0.595509 -0.437493 0.673772 1.832200 0.000000 0.000000 0.000000 1.000000
0.655846 0.179130 0.733334 -0.000500 -0.463481 0.862336 0.203866 10.387000 -0.595862 -0.473591 0.648583 1.832200 0.000000 0.000000 0.000000 1.000000
0.640933 0.181486 0.745833 -0.000500 -0.471324 0.859956 0.195777 10.387000 -0.605853 -0.477009 0.636713 1.832200 0.000000 0.000000 0.000000 1.000000
0.609545 0.187923 0.770155 -0.000500 -0.465279 0.871376 0.155627 10.387000 -0.641849 -0.453198 0.618580 1.832200 0.000000 0.000000 0.000000 1.000000
0.558501 0.197601 0.805624 -0.000500 -0.460750 0.881509 0.103202 10.387000 -0.689772 -0.428830 0.583369 1.832200 0.000000 0.000000 0.000000 1.000000
0.508664 0.199935 0.837429 -0.000500 -0.463382 0.883344 0.070567 10.387000 -0.725630 -0.423944 0.541971 1.832200 0.000000 0.000000 0.000000 1.000000
0.485761 0.187272 0.853795 -0.000500 -0.467037 0.881267 0.072419 10.387000 -0.738859 -0.433932 0.515548 1.832200 0.000000 0.000000 0.000000 1.000000
0.497619 0.169328 0.850708 -0.000500 -0.464703 0.880178 0.096632 10.387000 -0.732412 -0.443412 0.516680 1.832200 0.000000 0.000000 0.000000 1.000000
0.530826 0.162818 0.831693 -0.000500 -0.461002 0.878950 0.122164 10.387000 -0.711126 -0.448260 0.541629 1.832200 0.000000 0.000000 0.000000 1.000000
0.566396 0.173407 0.805683 -0.000500 -0.467183 0.872918 0.140552 10.387000 -0.678922 -0.456010 0.575430 1.832200 0.000000 0.000000 0.000000 1.000000
0.595214 0.193125 0.780015 -0.000500 -0.484048 0.860988 0.156194 10.387000 -0.641419 -0.470534 0.605954 1.832200 0.000000 0.000000 0.000000 1.000000
0.619057 0.210530 0.756601 -0.000500 -0.500840 0.847899 0.173857 10.387000 -0.604919 -0.486564 0.630339 1.832200 0.000000 0.000000 0.000000 1.000000</float_array><technique_common><accessor source="#mixamorig_Head-Matrix-animation-output-transform-array" count="21" stride="16"><param type="float4x4"/></accessor></technique_common></source><source id="mixamorig_Head-Interpolations"><Name_array id="mixamorig_Head-Interpolations-array" count="21">
 LINEAR LINEAR LINEAR LINEAR LINEAR LINEAR LINEAR LINEAR LINEAR LINEAR LINEAR
LINEAR LINEAR LINEAR LINEAR LINEAR LINEAR LINEAR LINEAR LINEAR LINEAR</Name_array><technique_common><accessor source="#mixamorig_Head-Interpolations-array" count="21"><param type="name"/></accessor></technique_common></source><sampler id="mixamorig_Head-Matrix-animation-transform"><input semantic="INPUT" source="#mixamorig_Head-Matrix-animation-input"/><input semantic="OUTPUT" source="#mixamorig_Head-Matrix-animation-output-transform"/><input semantic="INTERPOLATION" source="#mixamorig_Head-Interpolations"/></sampler><channel source="#mixamorig_Head-Matrix-animation-transform" target="mixamorig_Head/matrix"/></animation>
    <animation id="mixamorig_LeftShoulder-anim" name="mixamorig_LeftShoulder"><source id="mixamorig_LeftShoulder-Matrix-animation-input"><float_array id="mixamorig_LeftShoulder-Matrix-animation-input-array" count="21">

0.000000 0.033333 0.066667 0.100000 0.133333 0.166667 0.200000 0.233333 0.266667 0.300000 0.333333 0.366667 0.400000 0.433333 0.466667 0.500000
0.533333 0.566667 0.600000 0.633333 0.666667</float_array><technique_common><accessor source="#mixamorig_LeftShoulder-Matrix-animation-input-array" count="21"><param name="TIME" type="float"/></accessor></technique_common></source><source id="mixamorig_LeftShoulder-Matrix-animation-output-transform"><float_array id="mixamorig_LeftShoulder-Matrix-animation-output-transform-array" count="336">

-0.237415 0.941001 -0.241147 5.443200 0.392290 -0.134226 -0.909996 8.452300 -0.888675 -0.310646 -0.337278 1.674300 0.000000 0.000000 0.000000 1.000000
-0.291736 0.929106 -0.227270 5.443200 0.384882 -0.103493 -0.917145 8.452300 -0.875646 -0.355036 -0.327404 1.674300 0.000000 0.000000 0.000000 1.000000
-0.355661 0.917170 -0.179734 5.443200 0.363913 -0.041232 -0.930520 8.452300 -0.860856 -0.396357 -0.319106 1.674300 0.000000 0.000000 0.000000 1.000000
-0.409767 0.905995 -0.106133 5.443200 0.329720 0.038625 -0.943288 8.452300 -0.850515 -0.421522 -0.314552 1.674300 0.000000 0.000000 0.000000 1.000000
-0.437249 0.898830 -0.030297 5.443200 0.294916 0.111479 -0.948998 8.452300 -0.849610 -0.423884 -0.313824 1.674300 0.000000 0.000000 0.000000 1.000000
-0.438009 0.898732 0.020725 5.443200 0.274352 0.155592 -0.948958 8.452300 -0.856084 -0.409966 -0.314719 1.674300 0.000000 0.000000 0.000000 1.000000
-0.422691 0.905801 0.029267 5.443200 0.273991 0.158508 -0.948580 8.452300 -0.863864 -0.392937 -0.315182 1.674300 0.000000 0.000000 0.000000 1.000000
-0.395147 0.918503 -0.014504 5.443200 0.295808 0.112279 -0.948626 8.452300 -0.869688 -0.379138 -0.316067 1.674300 0.000000 0.000000 0.000000 1.000000
-0.344631 0.932658 -0.106670 5.443200 0.337967 0.017260 -0.941000 8.452300 -0.875790 -0.360348 -0.321156 1.674300 0.000000 0.000000 0.000000 1.000000
-0.259867 0.941424 -0.214921 5.443200 0.383224 -0.103747 -0.917811 8.452300 -0.886346 -0.320871 -0.333815 1.674300 0.000000 0.000000 0.000000 1.000000
-0.158268 0.943912 -0.289795 5.443200 0.407614 -0.204861 -0.889878 8.452300 -0.899334 -0.258964 -0.352328 1.674300 0.000000 0.000000 0.000000 1.000000
-0.083207 0.948187 -0.306624 5.443200 0.410180 -0.247830 -0.877686 8.452300 -0.908201 -0.198801 -0.368306 1.674300 0.000000 0.000000 0.000000 1.000000
-0.061229 0.957923 -0.280418 5.443200 0.405680 -0.232809 -0.883869 8.452300 -0.911962 -0.167879 -0.374356 1.674300 0.000000 0.000000 0.000000 1.000000
-0.085277 0.966559 -0.241851 5.443200 0.399881 -0.189126 -0.896843 8.452300 -0.912591 -0.173192 -0.370380 1.674300 0.000000 0.000000 0.000000 1.000000
-0.131131 0.967826 -0.214752 5.443200 0.393266 -0.148065 -0.907424 8.452300 -0.910026 -0.203446 -0.361197 1.674300 0.000000 0.000000 0.000000 1.000000
-0.172283 0.963041 -0.207052 5.443200 0.388863 -0.126632 -0.912551 8.452300 -0.905044 -0.237732 -0.352674 1.674300 0.000000 0.000000 0.000000 1.000000
-0.192502 0.957962 -0.212726 5.443200 0.388741 -0.124598 -0.912883 8.452300 -0.901012 -0.258427 -0.348414 1.674300 0.000000 0.000000 0.000000 1.000000
-0.194948 0.955479 -0.221483 5.443200 0.390788 -0.131450 -0.911046 8.452300 -0.899600 -0.264159 -0.347764 1.674300 0.000000 0.000000 0.000000 1.000000
-0.195928 0.953644 -0.228419 5.443200 0.392321 -0.137250 -0.909531 8.452300 -0.898719 -0.267816 -0.347244 1.674300 0.000000 0.000000 0.000000 1.000000
-0.208793 0.949415 -0.234559 5.443200 0.392744 -0.138251 -0.909197 8.452300 -0.895632 -0.281955 -0.344011 1.674300 0.000000 0.000000 0.000000 1.000000
-0.237415 0.941001 -0.241147 5.443200 0.392290 -0.134226 -0.909996 8.452300 -0.888675 -0.310646 -0.337278 1.674300 0.000000 0.000000 0.000000 1.000000</float_array><technique_common><accessor source="#mixamorig_LeftShoulder-Matrix-animation-output-transform-array" count="21" stride="16"><param type="float4x4"/></accessor></technique_common></source><source id="mixamorig_LeftShoulder-Interpolations"><Name_array id="mixamorig_LeftShoulder-Interpolations-array" count="21">
 LINEAR LINEAR LINEAR LINEAR LINEAR LINEAR LINEAR LINEAR LINEAR LINEAR LINEAR
LINEAR LINEAR LINEAR LINEAR LINEAR LINEAR LINEAR LINEAR LINEAR LINEAR</Name_array><technique_common><accessor source="#mixamorig_LeftShoulder-Interpolations-array" count="21"><param type="name"/></accessor></technique_common></source><sampler id="mixamorig_LeftShoulder-Matrix-animation-transform"><input semantic="INPUT" source="#mixamorig_LeftShoulder-Matrix-animation-input"/><input semantic="OUTPUT" source="#mixamorig_LeftShoulder-Matrix-animation-output-transform"/><input semantic="INTERPOLATION" source="#mixamorig_LeftShoulder-Interpolations"/></sampler><channel source="#mixamorig_LeftShoulder-Matrix-animation-transform" target="mixamorig_LeftShoulder/matrix"/></animation>
    <animation id="mixamorig_LeftArm-anim" name="mixamorig_LeftArm"><source id="mixamorig_LeftArm-Matrix-animation-input"><float_array id="mixamorig_LeftArm-Matrix-animation-input-array" count="21">

0.000000 0.033333 0.066667 0.100000 0.133333 0.166667 0.200000 0.233333 0.266667 0.300000 0.333333 0.366667 0.400000 0.433333 0.466667 0.500000
0.533333 0.566667 0.600000 0.633333 0.666667</float_array><technique_common><accessor source="#mixamorig_LeftArm-Matrix-animation-input-array" count="21"><param name="TIME" type="float"/></accessor></technique_common></source><source id="mixamorig_LeftArm-Matrix-animation-output-transform"><float_array id="mixamorig_LeftArm-Matrix-animation-output-transform-array" count="336">

0.898582 -0.135289 0.417429 0.000000 0.385637 0.697362 -0.604128 11.801100 -0.209367 0.703835 0.678809 -0.000000 0.000000 0.000000 0.000000 1.000000
0.905647 -0.004630 0.424006 0.000000 0.310696 0.687737 -0.656114 11.801100 -0.288567 0.725945 0.624286 0.000000 0.000000 0.000000 0.000000 1.000000
0.885946 0.147038 0.439864 0.000000 0.235492 0.674442 -0.699766 11.801100 -0.399555 0.723539 0.562892 0.000000 0.000000 0.000000 0.000000 1.000000
0.841886 0.295948 0.451268 0.000000 0.169630 0.648706 -0.741894 11.801100 -0.512302 0.701139 0.495935 0.000000 0.000000 0.000000 0.000000 1.000000
0.796836 0.407357 0.446220 0.000000 0.120427 0.616636 -0.777983 11.801100 -0.592072 0.673662 0.442301 0.000000 0.000000 0.000000 0.000000 1.000000
0.774628 0.464040 0.429673 -0.000000 0.090695 0.590879 -0.801646 11.801100 -0.625881 0.659946 0.415625 -0.000000 0.000000 0.000000 0.000000 1.000000
0.779501 0.473335 0.410283 0.000000 0.081575 0.572700 -0.815696 11.801100 -0.621067 0.669305 0.407807 0.000000 0.000000 0.000000 0.000000 1.000000
0.808742 0.441924 0.388123 -0.000000 0.085893 0.564075 -0.821244 11.801100 -0.581858 0.697512 0.418233 0.000000 0.000000 0.000000 0.000000 1.000000
0.858782 0.360630 0.363922 0.000000 0.095772 0.584794 -0.805508 11.801100 -0.503310 0.726610 0.467672 0.000000 0.000000 0.000000 0.000000 1.000000
0.912491 0.216841 0.346902 -0.000000 0.131000 0.648441 -0.749909 11.801100 -0.387556 0.729729 0.563290 0.000000 0.000000 0.000000 0.000000 1.000000
0.938710 0.015151 0.344374 -0.000000 0.226975 0.724723 -0.650584 11.801100 -0.259433 0.688874 0.676866 0.000000 0.000000 0.000000 0.000000 1.000000
0.914557 -0.198254 0.352534 0.000000 0.369450 0.764203 -0.528677 11.801100 -0.164595 0.613750 0.772153 0.000000 0.000000 0.000000 0.000000 1.000000
0.859995 -0.361905 0.359767 0.000000 0.494586 0.764740 -0.412985 11.801100 -0.125667 0.533101 0.836667 0.000000 0.000000 0.000000 0.000000 1.000000
0.814591 -0.464096 0.347932 0.000000 0.569174 0.755101 -0.325365 11.801100 -0.111724 0.463074 0.879250 0.000000 0.000000 0.000000 0.000000 1.000000
0.792307 -0.526977 0.307480 0.000000 0.604511 0.746233 -0.278753 11.801100 -0.082556 0.406733 0.909809 0.000000 0.000000 0.000000 0.000000 1.000000
0.788543 -0.556913 0.260859 -0.000000 0.613821 0.738766 -0.278297 11.801100 -0.037727 0.379569 0.924394 -0.000000 0.000000 0.000000 0.000000 1.000000
0.803574 -0.539306 0.251828 0.000000 0.595042 0.737801 -0.318710 11.801100 -0.013916 0.405955 0.913787 0.000000 0.000000 0.000000 0.000000 1.000000
0.833917 -0.465812 0.295976 0.000000 0.550474 0.740444 -0.385643 11.801100 -0.039516 0.484521 0.873886 0.000000 0.000000 0.000000 0.000000 1.000000
0.862122 -0.355328 0.361231 -0.000000 0.496694 0.733616 -0.463792 11.801100 -0.100206 0.579266 0.808956 0.000000 0.000000 0.000000 0.000000 1.000000
0.881420 -0.239999 0.406815 -0.000000 0.443723 0.715937 -0.539021 11.801100 -0.161890 0.655618 0.737535 -0.000000 0.000000 0.000000 0.000000 1.000000
0.898582 -0.135289 0.417429 0.000000 0.385636 0.697362 -0.604128 11.801100 -0.209368 0.703835 0.678809 0.000000 0.000000 0.000000 0.000000 1.000000</float_array><technique_common><accessor source="#mixamorig_LeftArm-Matrix-animation-output-transform-array" count="21" stride="16"><param type="float4x4"/></accessor></technique_common></source><source id="mixamorig_LeftArm-Interpolations"><Name_array id="mixamorig_LeftArm-Interpolations-array" count="21">
 LINEAR LINEAR LINEAR LINEAR LINEAR LINEAR LINEAR LINEAR LINEAR LINEAR LINEAR
LINEAR LINEAR LINEAR LINEAR LINEAR LINEAR LINEAR LINEAR LINEAR LINEAR</Name_array><technique_common><accessor source="#mixamorig_LeftArm-Interpolations-array" count="21"><param type="name"/></accessor></technique_common></source><sampler id="mixamorig_LeftArm-Matrix-animation-transform"><input semantic="INPUT" source="#mixamorig_LeftArm-Matrix-animation-input"/><input semantic="OUTPUT" source="#mixamorig_LeftArm-Matrix-animation-output-transform"/><input semantic="INTERPOLATION" source="#mixamorig_LeftArm-Interpolations"/></sampler><channel source="#mixamorig_LeftArm-Matrix-animation-transform" target="mixamorig_LeftArm/matrix"/></animation>
    <animation id="mixamorig_LeftForeArm-anim" name="mixamorig_LeftForeArm"><source id="mixamorig_LeftForeArm-Matrix-animation-input"><float_array id="mixamorig_LeftForeArm-Matrix-animation-input-array" count="21">

0.000000 0.033333 0.066667 0.100000 0.133333 0.166667 0.200000 0.233333 0.266667 0.300000 0.333333 0.366667 0.400000 0.433333 0.466667 0.500000
