<?xml version="1.0" encoding="utf-8"?>
<COLLADA xmlns="http://www.collada.org/2005/11/COLLADASchema" version="1.4.1">
  <asset><contributor><author>Mixamo</author><authoring_tool>COLLADA Mixamo exporter</authoring_tool><comments></comments></contributor><created>2015-09-12T17:58:48Z</created><modified>2015-09-12T17:58:48Z</modified><revision></revision><title></title><unit meter="0.010000"/><up_axis>Y_UP</up_axis></asset>
  <library_animations>
    <animation id="mixamorig_Hips-anim" name="mixamorig_Hips"><source id="mixamorig_Hips-Matrix-animation-input"><float_array id="mixamorig_Hips-Matrix-animation-input-array" count="29">

0.000000 0.033333 0.066667 0.100000 0.133333 0.166667 0.200000 0.233333 0.266667 0.300000 0.333333 0.366667 0.400000 0.433333 0.466667 0.500000
0.533333 0.566667 0.600000 0.633333 0.666667 0.700000 0.733333 0.766667 0.800000 0.833333 0.866667 0.900000 0.933333</float_array><technique_common><accessor source="#mixamorig_Hips-Matrix-animation-input-array" count="29"><param name="TIME" type="float"/></accessor></technique_common></source><source id="mixamorig_Hips-Matrix-animation-output-transform"><float_array id="mixamorig_Hips-Matrix-animation-output-transform-array" count="464">

0.992346 0.048924 0.113386 0.167164 -0.056565 0.996269 0.065185 102.299416 -0.109774 -0.071100 0.991410 0.060414 0.000000 0.000000 0.000000 1.000000
0.995844 0.051955 0.074808 0.772373 -0.056630 0.996481 0.061799 102.090363 -0.071334 -0.065778 0.995281 -0.317000 0.000000 0.000000 0.000000 1.000000
0.997785 0.054409 0.038285 2.227415 -0.056558 0.996742 0.057495 101.696854 -0.035032 -0.059533 0.997611 -1.101396 0.000000 0.000000 0.000000 1.000000
0.998409 0.056318 0.002877 4.153914 -0.056391 0.997016 0.052717 101.417824 0.000100 -0.052796 0.998605 -1.753941 0.000000 0.000000 0.000000 1.000000
0.997721 0.059209 -0.032371 6.195539 -0.057624 0.997189 0.047901 101.420105 0.035117 -0.045926 0.998327 -2.357814 0.000000 0.000000 0.000000 1.000000
0.995731 0.061862 -0.068512 7.901775 -0.058968 0.997312 0.043482 101.487045 0.071017 -0.039257 0.996702 -2.901670 0.000000 0.000000 0.000000 1.000000
0.992246 0.064020 -0.106533 9.138761 -0.060069 0.997397 0.039889 101.429535 0.108810 -0.033181 0.993509 -3.305959 0.000000 0.000000 0.000000 1.000000
0.986875 0.065971 -0.147394 10.115146 -0.061069 0.997427 0.037542 101.280571 0.149492 -0.028048 0.988365 -3.598928 0.000000 0.000000 0.000000 1.000000
0.979077 0.067396 -0.192006 10.853141 -0.061433 0.997431 0.036848 101.106476 0.193996 -0.024282 0.980702 -3.878115 0.000000 0.000000 0.000000 1.000000
0.968048 0.068815 -0.241137 11.357430 -0.061387 0.997383 0.038191 100.956757 0.243134 -0.022168 0.969739 -4.195490 0.000000 0.000000 0.000000 1.000000
0.950631 0.070053 -0.302313 11.599354 -0.059287 0.997242 0.044656 100.902863 0.304607 -0.024528 0.952162 -4.636148 0.000000 0.000000 0.000000 1.000000
0.929540 0.073321 -0.361358 11.495420 -0.057627 0.996875 0.054034 100.958412 0.364191 -0.029403 0.930860 -5.298201 0.000000 0.000000 0.000000 1.000000
0.906813 0.079304 -0.414005 11.096082 -0.058930 0.996349 0.061777 101.015144 0.417393 -0.031623 0.908176 -6.153024 0.000000 0.000000 0.000000 1.000000
0.876197 0.089357 -0.473597 10.697651 -0.064774 0.995580 0.068005 100.917992 0.477580 -0.028909 0.878112 -7.053328 0.000000 0.000000 0.000000 1.000000
0.833003 0.096110 -0.544857 10.361881 -0.064948 0.994974 0.076213 100.788612 0.549444 -0.028098 0.835058 -7.894117 0.000000 0.000000 0.000000 1.000000
0.773091 0.098448 -0.626609 10.013647 -0.056714 0.994654 0.086300 100.764465 0.631755 -0.031181 0.774541 -8.600973 0.000000 0.000000 0.000000 1.000000
0.689378 0.096756 -0.717911 9.672678 -0.042536 0.994737 0.093219 100.963432 0.723152 -0.033726 0.689865 -9.058353 0.000000 0.000000 0.000000 1.000000
0.583365 0.096431 -0.806465 9.345650 -0.030466 0.994826 0.096917 101.243263 0.811638 -0.031968 0.583285 -9.150999 0.000000 0.000000 0.000000 1.000000
0.464302 0.098150 -0.880222 8.928519 -0.020003 0.994749 0.100369 101.550308 0.885451 -0.028994 0.463827 -8.890880 0.000000 0.000000 0.000000 1.000000
0.354304 0.097441 -0.930040 8.349417 -0.011938 0.994947 0.099694 101.875458 0.935054 -0.024219 0.353676 -8.404047 0.000000 0.000000 0.000000 1.000000
0.279819 0.095189 -0.955322 7.615815 -0.012300 0.995346 0.095575 102.096817 0.959974 -0.014994 0.279688 -7.702400 0.000000 0.000000 0.000000 1.000000
0.220071 0.092279 -0.971109 6.679582 -0.015250 0.995719 0.091161 102.164749 0.975365 -0.005252 0.220536 -6.832043 0.000000 0.000000 0.000000 1.000000
0.166139 0.088737 -0.982102 5.522246 -0.018867 0.996047 0.086805 102.073105 0.985922 0.004107 0.167157 -5.809327 0.000000 0.000000 0.000000 1.000000
0.116967 0.084597 -0.989526 4.234529 -0.021965 0.996342 0.082583 101.825806 0.992893 0.012075 0.118397 -4.706563 0.000000 0.000000 0.000000 1.000000
0.070935 0.080309 -0.994243 2.999678 -0.027289 0.996537 0.078547 101.665642 0.997108 0.021560 0.072881 -3.598231 0.000000 0.000000 0.000000 1.000000
0.026668 0.075669 -0.996776 1.925228 -0.034177 0.996617 0.074743 101.780556 0.999060 0.032073 0.029163 -2.558570 0.000000 0.000000 0.000000 1.000000
-0.021610 0.070103 -0.997306 1.030326 -0.042377 0.996578 0.070970 102.001305 0.998868 0.043797 -0.018565 -1.514262 0.000000 0.000000 0.000000 1.000000
-0.080514 0.062699 -0.994780 0.257612 -0.051728 0.996412 0.066989 102.198044 0.995410 0.056852 -0.076981 -0.395658 0.000000 0.000000 0.000000 1.000000
-0.110057 0.058669 -0.992192 -0.095353 -0.056572 0.996268 0.065185 102.298019 0.992314 0.063305 -0.106327 0.149594 0.000000 0.000000 0.000000 1.000000</float_array><technique_common><accessor source="#mixamorig_Hips-Matrix-animation-output-transform-array" count="29" stride="16"><param type="float4x4"/></accessor></technique_common></source><source id="mixamorig_Hips-Interpolations"><Name_array id="mixamorig_Hips-Interpolations-array" count="29">
 LINEAR LINEAR LINEAR LINEAR LINEAR LINEAR LINEAR LINEAR LINEAR LINEAR LINEAR
LINEAR LINEAR LINEAR LINEAR LINEAR LINEAR LINEAR LINEAR LINEAR LINEAR LINEAR LINEAR
LINEAR LINEAR LINEAR LINEAR LINEAR LINEAR</Name_array><technique_common><accessor source="#mixamorig_Hips-Interpolations-array" count="29"><param type="name"/></accessor></technique_common></source><sampler id="mixamorig_Hips-Matrix-animation-transform"><input semantic="INPUT" source="#mixamorig_Hips-Matrix-animation-input"/><input semantic="OUTPUT" source="#mixamorig_Hips-Matrix-animation-output-transform"/><input semantic="INTERPOLATION" source="#mixamorig_Hips-Interpolations"/></sampler><channel source="#mixamorig_Hips-Matrix-animation-transform" target="mixamorig_Hips/matrix"/></animation>
    <animation id="mixamorig_Spine-anim" name="mixamorig_Spine"><source id="mixamorig_Spine-Matrix-animation-input"><float_array id="mixamorig_Spine-Matrix-animation-input-array" count="29">

0.000000 0.033333 0.066667 0.100000 0.133333 0.166667 0.200000 0.233333 0.266667 0.300000 0.333333 0.366667 0.400000 0.433333 0.466667 0.500000
0.533333 0.566667 0.600000 0.633333 0.666667 0.700000 0.733333 0.766667 0.800000 0.833333 0.866667 0.900000 0.933333</float_array><technique_common><accessor source="#mixamorig_Spine-Matrix-animation-input-array" count="29"><param name="TIME" type="float"/></accessor></technique_common></source><source id="mixamorig_Spine-Matrix-animation-output-transform"><float_array id="mixamorig_Spine-Matrix-animation-output-transform-array" count="464">

0.998650 -0.048035 0.019777 0.003800 0.045971 0.994498 0.094127 9.469100 -0.024190 -0.093090 0.995364 -0.797400 0.000000 0.000000 0.000000 1.000000
0.998895 -0.044025 0.016434 0.003800 0.042332 0.994851 0.092081 9.469100 -0.020404 -0.091284 0.995616 -0.797400 0.000000 0.000000 0.000000 1.000000
0.999155 -0.038610 0.014117 0.003800 0.037191 0.995263 0.089819 9.469100 -0.017518 -0.089218 0.995858 -0.797400 0.000000 0.000000 0.000000 1.000000
0.999236 -0.037390 0.011366 0.003800 0.036254 0.995497 0.087583 9.469100 -0.014589 -0.087104 0.996092 -0.797400 0.000000 0.000000 0.000000 1.000000
0.999007 -0.043948 0.007375 0.003800 0.043155 0.995376 0.085820 9.469100 -0.011113 -0.085417 0.996283 -0.797400 0.000000 0.000000 0.000000 1.000000
0.998620 -0.052453 0.002613 0.003800 0.052040 0.994999 0.085263 9.469100 -0.007072 -0.085009 0.996355 -0.797400 0.000000 0.000000 0.000000 1.000000
0.998434 -0.055882 -0.002445 0.003800 0.055883 0.994685 0.086479 9.469100 -0.002401 -0.086480 0.996251 -0.797400 0.000000 0.000000 0.000000 1.000000
0.998435 -0.055548 -0.006500 0.003800 0.055907 0.994430 0.089354 9.469100 0.001501 -0.089578 0.995979 -0.797400 0.000000 0.000000 0.000000 1.000000
0.998473 -0.054664 -0.007935 0.003800 0.055166 0.994148 0.092881 9.469100 0.002811 -0.093177 0.995646 -0.797400 0.000000 0.000000 0.000000 1.000000
0.998512 -0.053807 -0.008821 0.003800 0.054405 0.993921 0.095717 9.469100 0.003617 -0.096055 0.995369 -0.797400 0.000000 0.000000 0.000000 1.000000
0.998480 -0.053783 -0.012052 0.003800 0.054707 0.993686 0.097959 9.469100 0.006707 -0.098469 0.995118 -0.797400 0.000000 0.000000 0.000000 1.000000
0.998429 -0.053304 -0.017279 0.003800 0.054777 0.993419 0.100586 9.469100 0.011804 -0.101375 0.994778 -0.797400 0.000000 0.000000 0.000000 1.000000
0.998534 -0.050075 -0.020546 0.003800 0.051929 0.993352 0.102741 9.469100 0.015265 -0.103657 0.994496 -0.797400 0.000000 0.000000 0.000000 1.000000
0.998548 -0.050344 -0.019162 0.003800 0.052053 0.993342 0.102770 9.469100 0.013861 -0.103619 0.994521 -0.797400 0.000000 0.000000 0.000000 1.000000
0.998721 -0.048669 -0.013704 0.003800 0.049801 0.993703 0.100369 9.469100 0.008733 -0.100923 0.994856 -0.797400 0.000000 0.000000 0.000000 1.000000
0.999104 -0.041842 -0.006335 0.003800 0.042259 0.994398 0.096882 9.469100 0.002245 -0.097062 0.995276 -0.797400 0.000000 0.000000 0.000000 1.000000
0.999487 -0.031990 0.001830 0.003800 0.031674 0.995014 0.094577 9.469100 -0.004846 -0.094470 0.995516 -0.797400 0.000000 0.000000 0.000000 1.000000
0.999593 -0.027595 0.007293 0.003800 0.026806 0.995383 0.092163 9.469100 -0.009803 -0.091930 0.995717 -0.797400 0.000000 0.000000 0.000000 1.000000
0.999555 -0.027733 0.010957 0.003800 0.026658 0.995735 0.088326 9.469100 -0.013360 -0.087995 0.996031 -0.797400 0.000000 0.000000 0.000000 1.000000
0.999528 -0.027348 0.013965 0.003800 0.026066 0.996041 0.084986 9.469100 -0.016234 -0.084582 0.996284 -0.797400 0.000000 0.000000 0.000000 1.000000
0.999440 -0.029412 0.015967 0.003800 0.027998 0.996194 0.082546 9.469100 -0.018334 -0.082052 0.996459 -0.797400 0.000000 0.000000 0.000000 1.000000
0.999242 -0.035855 0.015186 0.003800 0.034528 0.996188 0.080107 9.469100 -0.018000 -0.079522 0.996671 -0.797400 0.000000 0.000000 0.000000 1.000000
0.998886 -0.045778 0.011483 0.003800 0.044741 0.995918 0.078398 9.469100 -0.015025 -0.077797 0.996856 -0.797400 0.000000 0.000000 0.000000 1.000000
0.998245 -0.058818 0.006857 0.003800 0.058098 0.995201 0.078735 9.469100 -0.011455 -0.078198 0.996872 -0.797400 0.000000 0.000000 0.000000 1.000000
0.997775 -0.066504 0.004695 0.003800 0.065909 0.994553 0.080750 9.469100 -0.010040 -0.080260 0.996723 -0.797400 0.000000 0.000000 0.000000 1.000000
0.997772 -0.066356 0.006899 0.003800 0.065556 0.994377 0.083170 9.469100 -0.012379 -0.082533 0.996511 -0.797400 0.000000 0.000000 0.000000 1.000000
0.998033 -0.061608 0.011614 0.003800 0.060378 0.994419 0.086521 9.469100 -0.016880 -0.085649 0.996182 -0.797400 0.000000 0.000000 0.000000 1.000000
0.998465 -0.052682 0.017091 0.003800 0.050906 0.994501 0.091524 9.469100 -0.021819 -0.090513 0.995656 -0.797400 0.000000 0.000000 0.000000 1.000000
0.998653 -0.047972 0.019786 0.003800 0.045907 0.994501 0.094125 9.469100 -0.024193 -0.093090 0.995364 -0.797400 0.000000 0.000000 0.000000 1.000000</float_array><technique_common><accessor source="#mixamorig_Spine-Matrix-animation-output-transform-array" count="29" stride="16"><param type="float4x4"/></accessor></technique_common></source><source id="mixamorig_Spine-Interpolations"><Name_array id="mixamorig_Spine-Interpolations-array" count="29">
 LINEAR LINEAR LINEAR LINEAR LINEAR LINEAR LINEAR LINEAR LINEAR LINEAR LINEAR
LINEAR LINEAR LINEAR LINEAR LINEAR LINEAR LINEAR LINEAR LINEAR LINEAR LINEAR LINEAR
LINEAR LINEAR LINEAR LINEAR LINEAR LINEAR</Name_array><technique_common><accessor source="#mixamorig_Spine-Interpolations-array" count="29"><param type="name"/></accessor></technique_common></source><sampler id="mixamorig_Spine-Matrix-animation-transform"><input semantic="INPUT" source="#mixamorig_Spine-Matrix-animation-input"/><input semantic="OUTPUT" source="#mixamorig_Spine-Matrix-animation-output-transform"/><input semantic="INTERPOLATION" source="#mixamorig_Spine-Interpolations"/></sampler><channel source="#mixamorig_Spine-Matrix-animation-transform" target="mixamorig_Spine/matrix"/></animation>
    <animation id="mixamorig_Spine1-anim" name="mixamorig_Spine1"><source id="mixamorig_Spine1-Matrix-animation-input"><float_array id="mixamorig_Spine1-Matrix-animation-input-array" count="29">

0.000000 0.033333 0.066667 0.100000 0.133333 0.166667 0.200000 0.233333 0.266667 0.300000 0.333333 0.366667 0.400000 0.433333 0.466667 0.500000
0.533333 0.566667 0.600000 0.633333 0.666667 0.700000 0.733333 0.766667 0.800000 0.833333 0.866667 0.900000 0.933333</float_array><technique_common><accessor source="#mixamorig_Spine1-Matrix-animation-input-array" count="29"><param name="TIME" type="float"/></accessor></technique_common></source><source id="mixamorig_Spine1-Matrix-animation-output-transform"><float_array id="mixamorig_Spine1-Matrix-animation-output-transform-array" count="464">

0.999608 -0.027980 0.000800 0.000000 0.027966 0.999510 0.014067 10.885900 -0.001193 -0.014039 0.999901 0.000000 0.000000 0.000000 0.000000 1.000000
0.999622 -0.027437 -0.001840 -0.000000 0.027458 0.999546 0.012385 10.885900 0.001499 -0.012431 0.999922 -0.000000 0.000000 0.000000 0.000000 1.000000
0.999680 -0.025057 -0.003458 0.000000 0.025092 0.999628 0.010652 10.885900 0.003190 -0.010735 0.999937 -0.000000 0.000000 0.000000 0.000000 1.000000
0.999765 -0.021060 -0.005213 0.000000 0.021105 0.999739 0.008798 10.885900 0.005026 -0.008906 0.999948 0.000000 0.000000 0.000000 0.000000 1.000000
0.999835 -0.016389 -0.007813 0.000000 0.016444 0.999840 0.007034 10.885900 0.007697 -0.007162 0.999945 0.000000 0.000000 0.000000 0.000000 1.000000
0.999877 -0.011212 -0.010938 -0.000000 0.011282 0.999917 0.006294 10.885900 0.010866 -0.006417 0.999920 0.000000 0.000000 0.000000 0.000000 1.000000
0.999887 -0.005013 -0.014183 0.000000 0.005117 0.999960 0.007291 10.885900 0.014146 -0.007363 0.999873 0.000000 0.000000 0.000000 0.000000 1.000000
0.999860 0.002153 -0.016609 -0.000000 -0.001990 0.999950 0.009816 10.885900 0.016630 -0.009782 0.999814 0.000000 0.000000 0.000000 0.000000 1.000000
0.999810 0.009482 -0.017042 0.000000 -0.009263 0.999874 0.012901 10.885900 0.017162 -0.012740 0.999772 -0.000000 0.000000 0.000000 0.000000 1.000000
0.999715 0.016577 -0.017174 0.000000 -0.016311 0.999747 0.015508 10.885900 0.017427 -0.015223 0.999732 0.000000 0.000000 0.000000 0.000000 1.000000
0.999531 0.023955 -0.019102 0.000000 -0.023617 0.999564 0.017733 10.885900 0.019518 -0.017274 0.999660 0.000000 0.000000 0.000000 0.000000 1.000000
0.999237 0.032043 -0.022339 0.000000 -0.031591 0.999295 0.020308 10.885900 0.022974 -0.019587 0.999544 0.000000 0.000000 0.000000 0.000000 1.000000
0.998946 0.038809 -0.024515 0.000000 -0.038261 0.999016 0.022423 10.885900 0.025361 -0.021462 0.999448 -0.000000 0.000000 0.000000 0.000000 1.000000
0.998802 0.043200 -0.022971 0.000000 -0.042681 0.998833 0.022601 10.885900 0.023921 -0.021593 0.999481 -0.000000 0.000000 0.000000 0.000000 1.000000
0.998664 0.048366 -0.018165 -0.000000 -0.047991 0.998637 0.020528 10.885900 0.019133 -0.019629 0.999624 -0.000000 0.000000 0.000000 0.000000 1.000000
0.998419 0.054915 -0.012025 0.000000 -0.054702 0.998352 0.017328 10.885900 0.012957 -0.016643 0.999778 0.000000 0.000000 0.000000 0.000000 1.000000
0.998156 0.060448 -0.005479 0.000000 -0.060360 0.998063 0.015033 10.885900 0.006378 -0.014675 0.999872 0.000000 0.000000 0.000000 0.000000 1.000000
0.998047 0.062454 -0.000805 0.000000 -0.062439 0.997966 0.012841 10.885900 0.001605 -0.012765 0.999917 0.000000 0.000000 0.000000 0.000000 1.000000
0.998066 0.062156 0.000965 0.000000 -0.062163 0.998020 0.009633 10.885900 -0.000364 -0.009674 0.999953 0.000000 0.000000 0.000000 0.000000 1.000000
0.998144 0.060819 0.002956 -0.000000 -0.060838 0.998124 0.006824 10.885900 -0.002536 -0.006992 0.999972 -0.000000 0.000000 0.000000 0.000000 1.000000
0.998367 0.056675 0.007201 -0.000000 -0.056711 0.998379 0.004806 10.885900 -0.006917 -0.005206 0.999963 0.000000 0.000000 0.000000 0.000000 1.000000
0.998709 0.050088 0.008488 -0.000000 -0.050117 0.998738 0.003295 10.885900 -0.008313 -0.003717 0.999959 -0.000000 0.000000 0.000000 0.000000 1.000000
0.999060 0.043121 0.004353 0.000000 -0.043134 0.999065 0.002905 10.885900 -0.004223 -0.003090 0.999986 0.000000 0.000000 0.000000 0.000000 1.000000
0.999396 0.034760 -0.000304 -0.000000 -0.034759 0.999387 0.004218 10.885900 0.000451 -0.004205 0.999991 0.000000 0.000000 0.000000 0.000000 1.000000
0.999703 0.024365 0.000433 0.000000 -0.024367 0.999683 0.006304 10.885900 -0.000280 -0.006312 0.999980 0.000000 0.000000 0.000000 0.000000 1.000000
0.999948 0.008069 0.006161 0.000000 -0.008117 0.999937 0.007698 10.885900 -0.006099 -0.007748 0.999951 -0.000000 0.000000 0.000000 0.000000 1.000000
0.999923 -0.009572 0.007886 0.000000 0.009498 0.999911 0.009397 10.885900 -0.007975 -0.009322 0.999925 -0.000000 0.000000 0.000000 0.000000 1.000000
0.999740 -0.022492 0.003669 0.000000 0.022445 0.999670 0.012457 10.885900 -0.003948 -0.012371 0.999916 0.000000 0.000000 0.000000 0.000000 1.000000
0.999608 -0.027980 0.000800 -0.000000 0.027966 0.999510 0.014067 10.885900 -0.001193 -0.014039 0.999901 0.000000 0.000000 0.000000 0.000000 1.000000</float_array><technique_common><accessor source="#mixamorig_Spine1-Matrix-animation-output-transform-array" count="29" stride="16"><param type="float4x4"/></accessor></technique_common></source><source id="mixamorig_Spine1-Interpolations"><Name_array id="mixamorig_Spine1-Interpolations-array" count="29">
 LINEAR LINEAR LINEAR LINEAR LINEAR LINEAR LINEAR LINEAR LINEAR LINEAR LINEAR
LINEAR LINEAR LINEAR LINEAR LINEAR LINEAR LINEAR LINEAR LINEAR LINEAR LINEAR LINEAR
LINEAR LINEAR LINEAR LINEAR LINEAR LINEAR</Name_array><technique_common><accessor source="#mixamorig_Spine1-Interpolations-array" count="29"><param type="name"/></accessor></technique_common></source><sampler id="mixamorig_Spine1-Matrix-animation-transform"><input semantic="INPUT" source="#mixamorig_Spine1-Matrix-animation-input"/><input semantic="OUTPUT" source="#mixamorig_Spine1-Matrix-animation-output-transform"/><input semantic="INTERPOLATION" source="#mixamorig_Spine1-Interpolations"/></sampler><channel source="#mixamorig_Spine1-Matrix-animation-transform" target="mixamorig_Spine1/matrix"/></animation>
    <animation id="mixamorig_Spine2-anim" name="mixamorig_Spine2"><source id="mixamorig_Spine2-Matrix-animation-input"><float_array id="mixamorig_Spine2-Matrix-animation-input-array" count="29">

0.000000 0.033333 0.066667 0.100000 0.133333 0.166667 0.200000 0.233333 0.266667 0.300000 0.333333 0.366667 0.400000 0.433333 0.466667 0.500000
0.533333 0.566667 0.600000 0.633333 0.666667 0.700000 0.733333 0.766667 0.800000 0.833333 0.866667 0.900000 0.933333</float_array><technique_common><accessor source="#mixamorig_Spine2-Matrix-animation-input-array" count="29"><param name="TIME" type="float"/></accessor></technique_common></source><source id="mixamorig_Spine2-Matrix-animation-output-transform"><float_array id="mixamorig_Spine2-Matrix-animation-output-transform-array" count="464">

0.999611 -0.027851 0.001173 0.000000 0.027869 0.999417 -0.019720 12.834400 -0.000623 0.019745 0.999805 0.000000 0.000000 0.000000 0.000000 1.000000
0.999606 -0.028005 -0.001633 -0.000000 0.027964 0.999381 -0.021336 12.834400 0.002230 0.021282 0.999771 0.000000 0.000000 0.000000 0.000000 1.000000
0.999609 -0.027740 -0.003537 -0.000000 0.027651 0.999353 -0.023009 12.834400 0.004173 0.022902 0.999729 -0.000000 0.000000 0.000000 0.000000 1.000000
0.999618 -0.027045 -0.005631 0.000000 0.026897 0.999330 -0.024816 12.834400 0.006298 0.024655 0.999676 0.000000 0.000000 0.000000 0.000000 1.000000
0.999608 -0.026645 -0.008591 0.000000 0.026409 0.999299 -0.026552 12.834400 0.009292 0.026315 0.999611 -0.000000 0.000000 0.000000 0.000000 1.000000
0.999574 -0.026546 -0.012111 0.000000 0.026208 0.999284 -0.027274 12.834400 0.012826 0.026945 0.999555 0.000000 0.000000 0.000000 0.000000 1.000000
0.999535 -0.026071 -0.015811 0.000000 0.025650 0.999326 -0.026250 12.834400 0.016485 0.025833 0.999530 -0.000000 0.000000 0.000000 0.000000 1.000000
0.999509 -0.025105 -0.018733 -0.000000 0.024659 0.999415 -0.023695 12.834400 0.019317 0.023221 0.999544 0.000000 0.000000 0.000000 0.000000 1.000000
0.999511 -0.024278 -0.019697 0.000000 0.023873 0.999503 -0.020586 12.834400 0.020187 0.020106 0.999594 -0.000000 0.000000 0.000000 0.000000 1.000000
0.999510 -0.023764 -0.020384 0.000000 0.023399 0.999565 -0.017953 12.834400 0.020802 0.017467 0.999631 0.000000 0.000000 0.000000 0.000000 1.000000
0.999479 -0.022808 -0.022842 -0.000000 0.022453 0.999625 -0.015690 12.834400 0.023191 0.015169 0.999616 0.000000 0.000000 0.000000 0.000000 1.000000
0.999431 -0.020816 -0.026527 0.000000 0.020475 0.999705 -0.013063 12.834400 0.026791 0.012512 0.999563 -0.000000 0.000000 0.000000 0.000000 1.000000
0.999383 -0.019687 -0.029097 0.000000 0.019377 0.999753 -0.010893 12.834400 0.029304 0.010323 0.999517 0.000000 0.000000 0.000000 0.000000 1.000000
0.999404 -0.020311 -0.027902 0.000000 0.020019 0.999743 -0.010678 12.834400 0.028112 0.010113 0.999554 -0.000000 0.000000 0.000000 0.000000 1.000000
0.999540 -0.019310 -0.023373 0.000000 0.019017 0.999739 -0.012688 12.834400 0.023612 0.012238 0.999646 0.000000 0.000000 0.000000 0.000000 1.000000
0.999723 -0.015854 -0.017415 -0.000000 0.015578 0.999753 -0.015831 12.834400 0.017661 0.015556 0.999723 0.000000 0.000000 0.000000 0.000000 1.000000
0.999867 -0.012144 -0.010890 -0.000000 0.011946 0.999764 -0.018131 12.834400 0.011108 0.017998 0.999776 -0.000000 0.000000 0.000000 0.000000 1.000000
0.999927 -0.010463 -0.006119 -0.000000 0.010337 0.999740 -0.020348 12.834400 0.006330 0.020283 0.999774 0.000000 0.000000 0.000000 0.000000 1.000000
0.999949 -0.009162 -0.004239 0.000000 0.009060 0.999681 -0.023569 12.834400 0.004454 0.023529 0.999713 -0.000000 0.000000 0.000000 0.000000 1.000000
0.999980 -0.005993 -0.002054 0.000000 0.005937 0.999634 -0.026410 12.834400 0.002211 0.026397 0.999649 0.000000 0.000000 0.000000 0.000000 1.000000
0.999992 -0.003203 0.002439 0.000000 0.003271 0.999589 -0.028486 12.834400 -0.002346 0.028493 0.999591 -0.000000 0.000000 0.000000 0.000000 1.000000
0.999991 -0.001312 0.004154 0.000000 0.001438 0.999537 -0.030376 12.834400 -0.004112 0.030382 0.999530 0.000000 0.000000 0.000000 0.000000 1.000000
0.999999 0.001008 0.000773 0.000000 -0.000983 0.999506 -0.031398 12.834400 -0.000804 0.031397 0.999507 0.000000 0.000000 0.000000 0.000000 1.000000
0.999993 0.002274 -0.002929 0.000000 -0.002363 0.999532 -0.030515 12.834400 0.002859 0.030522 0.999530 -0.000000 0.000000 0.000000 0.000000 1.000000
0.999998 0.001346 -0.001353 0.000000 -0.001384 0.999594 -0.028465 12.834400 0.001314 0.028467 0.999594 -0.000000 0.000000 0.000000 0.000000 1.000000
0.999968 -0.006207 0.005091 0.000000 0.006342 0.999621 -0.026778 12.834400 -0.004923 0.026809 0.999628 0.000000 0.000000 0.000000 0.000000 1.000000
0.999828 -0.016966 0.007473 0.000000 0.017147 0.999546 -0.024767 12.834400 -0.007049 0.024891 0.999665 -0.000000 0.000000 0.000000 0.000000 1.000000
0.999689 -0.024635 0.003799 -0.000000 0.024711 0.999464 -0.021460 12.834400 -0.003268 0.021547 0.999762 -0.000000 0.000000 0.000000 0.000000 1.000000
0.999611 -0.027851 0.001172 -0.000000 0.027869 0.999417 -0.019720 12.834400 -0.000622 0.019745 0.999805 0.000000 0.000000 0.000000 0.000000 1.000000</float_array><technique_common><accessor source="#mixamorig_Spine2-Matrix-animation-output-transform-array" count="29" stride="16"><param type="float4x4"/></accessor></technique_common></source><source id="mixamorig_Spine2-Interpolations"><Name_array id="mixamorig_Spine2-Interpolations-array" count="29">
 LINEAR LINEAR LINEAR LINEAR LINEAR LINEAR LINEAR LINEAR LINEAR LINEAR LINEAR
LINEAR LINEAR LINEAR LINEAR LINEAR LINEAR LINEAR LINEAR LINEAR LINEAR LINEAR LINEAR
LINEAR LINEAR LINEAR LINEAR LINEAR LINEAR</Name_array><technique_common><accessor source="#mixamorig_Spine2-Interpolations-array" count="29"><param type="name"/></accessor></technique_common></source><sampler id="mixamorig_Spine2-Matrix-animation-transform"><input semantic="INPUT" source="#mixamorig_Spine2-Matrix-animation-input"/><input semantic="OUTPUT" source="#mixamorig_Spine2-Matrix-animation-output-transform"/><input semantic="INTERPOLATION" source="#mixamorig_Spine2-Interpolations"/></sampler><channel source="#mixamorig_Spine2-Matrix-animation-transform" target="mixamorig_Spine2/matrix"/></animation>
    <animation id="mixamorig_Neck-anim" name="mixamorig_Neck"><source id="mixamorig_Neck-Matrix-animation-input"><float_array id="mixamorig_Neck-Matrix-animation-input-array" count="29">

0.000000 0.033333 0.066667 0.100000 0.133333 0.166667 0.200000 0.233333 0.266667 0.300000 0.333333 0.366667 0.400000 0.433333 0.466667 0.500000
0.533333 0.566667 0.600000 0.633333 0.666667 0.700000 0.733333 0.766667 0.800000 0.833333 0.866667 0.900000 0.933333</float_array><technique_common><accessor source="#mixamorig_Neck-Matrix-animation-input-array" count="29"><param name="TIME" type="float"/></accessor></technique_common></source><source id="mixamorig_Neck-Matrix-animation-output-transform"><float_array id="mixamorig_Neck-Matrix-animation-output-transform-array" count="464">

0.999968 -0.007929 -0.001418 -0.003900 0.007212 0.959786 -0.280641 14.257600 0.003586 0.280622 0.959812 2.618200 0.000000 0.000000 0.000000 1.000000
0.999826 -0.013746 -0.012607 -0.003900 0.009690 0.960347 -0.278640 14.257600 0.015937 0.278469 0.960313 2.618200 0.000000 0.000000 0.000000 1.000000
0.999124 -0.023631 -0.034525 -0.003900 0.012966 0.959477 -0.281488 14.257600 0.039778 0.280794 0.958944 2.618200 0.000000 0.000000 0.000000 1.000000
0.997430 -0.035063 -0.062483 -0.003900 0.015544 0.957199 -0.289012 14.257600 0.069942 0.287298 0.955284 2.618200 0.000000 0.000000 0.000000 1.000000
0.994651 -0.046037 -0.092467 -0.003900 0.016381 0.954159 -0.298850 14.257600 0.101987 0.295737 0.949810 2.618200 0.000000 0.000000 0.000000 1.000000
0.991261 -0.054297 -0.120221 -0.003900 0.014705 0.951162 -0.308341 14.257600 0.131092 0.303879 0.943648 2.618200 0.000000 0.000000 0.000000 1.000000
0.988200 -0.059304 -0.141222 -0.003900 0.011807 0.948755 -0.315791 14.257600 0.152713 0.310397 0.938260 2.618200 0.000000 0.000000 0.000000 1.000000
0.986454 -0.061373 -0.152126 -0.003900 0.009610 0.947402 -0.319902 14.257600 0.163758 0.314107 0.935158 2.618200 0.000000 0.000000 0.000000 1.000000
0.985436 -0.062451 -0.158162 -0.003900 0.008383 0.946828 -0.321630 14.257600 0.169838 0.315620 0.933562 2.618200 0.000000 0.000000 0.000000 1.000000
0.985075 -0.063188 -0.160111 -0.003900 0.008415 0.946749 -0.321862 14.257600 0.171922 0.315711 0.933150 2.618200 0.000000 0.000000 0.000000 1.000000
0.985340 -0.063351 -0.158405 -0.003900 0.009091 0.946676 -0.322059 14.257600 0.170361 0.315898 0.933373 2.618200 0.000000 0.000000 0.000000 1.000000
0.986002 -0.062905 -0.154414 -0.003900 0.009785 0.946336 -0.323037 14.257600 0.166448 0.317004 0.933704 2.618200 0.000000 0.000000 0.000000 1.000000
0.986831 -0.062311 -0.149268 -0.003900 0.010798 0.946141 -0.323576 14.257600 0.161391 0.317703 0.934354 2.618200 0.000000 0.000000 0.000000 1.000000
0.987866 -0.060410 -0.143079 -0.003900 0.011287 0.946740 -0.321800 14.257600 0.154898 0.316280 0.935934 2.618200 0.000000 0.000000 0.000000 1.000000
0.989245 -0.055076 -0.135503 -0.003900 0.009207 0.948010 -0.318108 14.257600 0.145978 0.313439 0.938321 2.618200 0.000000 0.000000 0.000000 1.000000
0.990831 -0.048512 -0.126097 -0.003900 0.006406 0.949132 -0.314814 14.257600 0.134955 0.311120 0.940740 2.618200 0.000000 0.000000 0.000000 1.000000
0.992422 -0.044353 -0.114589 -0.003900 0.006313 0.949753 -0.312936 14.257600 0.122711 0.309842 0.942836 2.618200 0.000000 0.000000 0.000000 1.000000
0.993983 -0.040870 -0.101620 -0.003900 0.007353 0.950583 -0.310382 14.257600 0.109283 0.307768 0.945165 2.618200 0.000000 0.000000 0.000000 1.000000
0.995476 -0.035180 -0.088255 -0.003900 0.006528 0.952051 -0.305870 14.257600 0.094784 0.303911 0.947974 2.618200 0.000000 0.000000 0.000000 1.000000
0.996810 -0.027440 -0.074949 -0.003900 0.003681 0.953847 -0.300271 14.257600 0.079729 0.299037 0.950905 2.618200 0.000000 0.000000 0.000000 1.000000
0.997887 -0.019630 -0.061944 -0.003900 0.000541 0.955753 -0.294170 14.257600 0.064978 0.293515 0.953743 2.618200 0.000000 0.000000 0.000000 1.000000
0.998691 -0.012457 -0.049619 -0.003900 -0.002375 0.957566 -0.288203 14.257600 0.051103 0.287944 0.956283 2.618200 0.000000 0.000000 0.000000 1.000000
0.999247 -0.006323 -0.038278 -0.003900 -0.004810 0.958827 -0.283949 14.257600 0.038498 0.283919 0.958075 2.618200 0.000000 0.000000 0.000000 1.000000
0.999602 -0.001938 -0.028132 -0.003900 -0.006071 0.959448 -0.281822 14.257600 0.027537 0.281881 0.959054 2.618200 0.000000 0.000000 0.000000 1.000000
0.999812 0.000763 -0.019388 -0.003900 -0.006177 0.959754 -0.280775 14.257600 0.018394 0.280842 0.959578 2.618200 0.000000 0.000000 0.000000 1.000000
0.999923 0.001229 -0.012350 -0.003900 -0.004648 0.959752 -0.280810 14.257600 0.011508 0.280845 0.959684 2.618200 0.000000 0.000000 0.000000 1.000000
0.999972 -0.001230 -0.007406 -0.003900 -0.000904 0.959576 -0.281449 14.257600 0.007452 0.281448 0.959548 2.618200 0.000000 0.000000 0.000000 1.000000
0.999979 -0.005580 -0.003274 -0.003900 0.004435 0.959693 -0.281014 14.257600 0.004710 0.280994 0.959698 2.618200 0.000000 0.000000 0.000000 1.000000
0.999968 -0.007929 -0.001418 -0.003900 0.007213 0.959786 -0.280642 14.257600 0.003586 0.280622 0.959812 2.618200 0.000000 0.000000 0.000000 1.000000</float_array><technique_common><accessor source="#mixamorig_Neck-Matrix-animation-output-transform-array" count="29" stride="16"><param type="float4x4"/></accessor></technique_common></source><source id="mixamorig_Neck-Interpolations"><Name_array id="mixamorig_Neck-Interpolations-array" count="29">
 LINEAR LINEAR LINEAR LINEAR LINEAR LINEAR LINEAR LINEAR LINEAR LINEAR LINEAR
LINEAR LINEAR LINEAR LINEAR LINEAR LINEAR LINEAR LINEAR LINEAR LINEAR LINEAR LINEAR
LINEAR LINEAR LINEAR LINEAR LINEAR LINEAR</Name_array><technique_common><accessor source="#mixamorig_Neck-Interpolations-array" count="29"><param type="name"/></accessor></technique_common></source><sampler id="mixamorig_Neck-Matrix-animation-transform"><input semantic="INPUT" source="#mixamorig_Neck-Matrix-animation-input"/><input semantic="OUTPUT" source="#mixamorig_Neck-Matrix-animation-output-transform"/><input semantic="INTERPOLATION" source="#mixamorig_Neck-Interpolations"/></sampler><channel source="#mixamorig_Neck-Matrix-animation-transform" target="mixamorig_Neck/matrix"/></animation>
    <animation id="mixamorig_Head-anim" name="mixamorig_Head"><source id="mixamorig_Head-Matrix-animation-input"><float_array id="mixamorig_Head-Matrix-animation-input-array" count="29">

0.000000 0.033333 0.066667 0.100000 0.133333 0.166667 0.200000 0.233333 0.266667 0.300000 0.333333 0.366667 0.400000 0.433333 0.466667 0.500000
0.533333 0.566667 0.600000 0.633333 0.666667 0.700000 0.733333 0.766667 0.800000 0.833333 0.866667 0.900000 0.933333</float_array><technique_common><accessor source="#mixamorig_Head-Matrix-animation-input-array" count="29"><param name="TIME" type="float"/></accessor></technique_common></source><source id="mixamorig_Head-Matrix-animation-output-transform"><float_array id="mixamorig_Head-Matrix-animation-output-transform-array" count="464">

0.999711 0.001406 0.024008 -0.000500 -0.004554 0.991295 0.131584 10.387000 -0.023615 -0.131656 0.991014 1.832200 0.000000 0.000000 0.000000 1.000000
0.999888 -0.007848 -0.012751 -0.000500 0.009530 0.990415 0.137798 10.387000 0.011547 -0.137904 0.990378 1.832200 0.000000 0.000000 0.000000 1.000000
0.997258 -0.022344 -0.070547 -0.000500 0.031692 0.990434 0.134298 10.387000 0.066872 -0.136165 0.988427 1.832200 0.000000 0.000000 0.000000 1.000000
0.989387 -0.039681 -0.139783 -0.000500 0.056902 0.990967 0.121439 10.387000 0.133702 -0.128104 0.982707 1.832200 0.000000 0.000000 0.000000 1.000000
0.975599 -0.056545 -0.212155 -0.000500 0.078594 0.992179 0.096971 10.387000 0.205012 -0.111279 0.972413 1.832200 0.000000 0.000000 0.000000 1.000000
0.957218 -0.072722 -0.280082 -0.000500 0.094193 0.993497 0.063961 10.387000 0.273609 -0.087606 0.957843 1.832200 0.000000 0.000000 0.000000 1.000000
0.938109 -0.087652 -0.335064 -0.000500 0.104466 0.993999 0.032456 10.387000 0.330208 -0.065450 0.941636 1.832200 0.000000 0.000000 0.000000 1.000000
0.923383 -0.100210 -0.370570 -0.000500 0.112368 0.993602 0.011306 10.387000 0.367066 -0.052080 0.928736 1.832200 0.000000 0.000000 0.000000 1.000000
0.911480 -0.112706 -0.395602 -0.000500 0.121293 0.992611 -0.003330 10.387000 0.393054 -0.044949 0.918416 1.832200 0.000000 0.000000 0.000000 1.000000
0.904115 -0.123746 -0.408978 -0.000500 0.130257 0.991407 -0.012021 10.387000 0.406951 -0.042404 0.912465 1.832200 0.000000 0.000000 0.000000 1.000000
0.901638 -0.131853 -0.411903 -0.000500 0.137431 0.990379 -0.016197 10.387000 0.410076 -0.042004 0.911084 1.832200 0.000000 0.000000 0.000000 1.000000
0.901594 -0.137521 -0.410142 -0.000500 0.142413 0.989629 -0.018764 10.387000 0.408470 -0.041492 0.911828 1.832200 0.000000 0.000000 0.000000 1.000000
0.902232 -0.141022 -0.407541 -0.000500 0.145369 0.989166 -0.020459 10.387000 0.406011 -0.040785 0.912958 1.832200 0.000000 0.000000 0.000000 1.000000
0.903404 -0.142862 -0.404291 -0.000500 0.147027 0.988911 -0.020909 10.387000 0.402795 -0.040553 0.914391 1.832200 0.000000 0.000000 0.000000 1.000000
0.904824 -0.144552 -0.400499 -0.000500 0.149352 0.988594 -0.019391 10.387000 0.398733 -0.042270 0.916092 1.832200 0.000000 0.000000 0.000000 1.000000
0.907598 -0.147681 -0.393009 -0.000500 0.154649 0.987869 -0.014071 10.387000 0.390319 -0.048008 0.919427 1.832200 0.000000 0.000000 0.000000 1.000000
0.914375 -0.150755 -0.375753 -0.000500 0.160793 0.986977 -0.004699 10.387000 0.371568 -0.056122 0.926708 1.832200 0.000000 0.000000 0.000000 1.000000
0.925841 -0.146970 -0.348164 -0.000500 0.159322 0.987202 0.006945 10.387000 0.342687 -0.061900 0.937408 1.832200 0.000000 0.000000 0.000000 1.000000
0.939771 -0.133090 -0.314831 -0.000500 0.146231 0.989080 0.018382 10.387000 0.308946 -0.063313 0.948970 1.832200 0.000000 0.000000 0.000000 1.000000
0.953303 -0.114607 -0.279427 -0.000500 0.127944 0.991331 0.029903 10.387000 0.273577 -0.064258 0.959701 1.832200 0.000000 0.000000 0.000000 1.000000
0.965299 -0.095560 -0.243034 -0.000500 0.109895 0.992874 0.046093 10.387000 0.236897 -0.071202 0.968922 1.832200 0.000000 0.000000 0.000000 1.000000
0.975604 -0.076097 -0.205928 -0.000500 0.091533 0.993580 0.066490 10.387000 0.199546 -0.083717 0.976306 1.832200 0.000000 0.000000 0.000000 1.000000
0.983974 -0.057985 -0.168618 -0.000500 0.073124 0.993694 0.085003 10.387000 0.162626 -0.095971 0.982009 1.832200 0.000000 0.000000 0.000000 1.000000
0.990460 -0.042554 -0.131063 -0.000500 0.055726 0.993573 0.098528 10.387000 0.126028 -0.104891 0.986466 1.832200 0.000000 0.000000 0.000000 1.000000
0.995143 -0.029815 -0.093819 -0.000500 0.039935 0.993359 0.107905 10.387000 0.089978 -0.111128 0.989724 1.832200 0.000000 0.000000 0.000000 1.000000
0.998111 -0.020733 -0.057834 -0.000500 0.027249 0.993076 0.114268 10.387000 0.055064 -0.115628 0.991765 1.832200 0.000000 0.000000 0.000000 1.000000
0.999614 -0.013174 -0.024470 -0.000500 0.016019 0.992651 0.119947 10.387000 0.022710 -0.120292 0.992479 1.832200 0.000000 0.000000 0.000000 1.000000
0.999959 -0.003507 0.008407 -0.000500 0.002404 0.991806 0.127732 10.387000 -0.008786 -0.127707 0.991773 1.832200 0.000000 0.000000 0.000000 1.000000
0.999711 0.001406 0.024008 -0.000500 -0.004554 0.991295 0.131584 10.387000 -0.023614 -0.131656 0.991014 1.832200 0.000000 0.000000 0.000000 1.000000</float_array><technique_common><accessor source="#mixamorig_Head-Matrix-animation-output-transform-array" count="29" stride="16"><param type="float4x4"/></accessor></technique_common></source><source id="mixamorig_Head-Interpolations"><Name_array id="mixamorig_Head-Interpolations-array" count="29">
 LINEAR LINEAR LINEAR LINEAR LINEAR LINEAR LINEAR LINEAR LINEAR LINEAR LINEAR
LINEAR LINEAR LINEAR LINEAR LINEAR LINEAR LINEAR LINEAR LINEAR LINEAR LINEAR LINEAR
LINEAR LINEAR LINEAR LINEAR LINEAR LINEAR</Name_array><technique_common><accessor source="#mixamorig_Head-Interpolations-array" count="29"><param type="name"/></accessor></technique_common></source><sampler id="mixamorig_Head-Matrix-animation-transform"><input semantic="INPUT" source="#mixamorig_Head-Matrix-animation-input"/><input semantic="OUTPUT" source="#mixamorig_Head-Matrix-animation-output-transform"/><input semantic="INTERPOLATION" source="#mixamorig_Head-Interpolations"/></sampler><channel source="#mixamorig_Head-Matrix-animation-transform" target="mixamorig_Head/matrix"/></animation>
    <animation id="mixamorig_LeftShoulder-anim" name="mixamorig_LeftShoulder"><source id="mixamorig_LeftShoulder-Matrix-animation-input"><float_array id="mixamorig_LeftShoulder-Matrix-animation-input-array" count="29">

0.000000 0.033333 0.066667 0.100000 0.133333 0.166667 0.200000 0.233333 0.266667 0.300000 0.333333 0.366667 0.400000 0.433333 0.466667 0.500000
0.533333 0.566667 0.600000 0.633333 0.666667 0.700000 0.733333 0.766667 0.800000 0.833333 0.866667 0.900000 0.933333</float_array><technique_common><accessor source="#mixamorig_LeftShoulder-Matrix-animation-input-array" count="29"><param name="TIME" type="float"/></accessor></technique_common></source><source id="mixamorig_LeftShoulder-Matrix-animation-output-transform"><float_array id="mixamorig_LeftShoulder-Matrix-animation-output-transform-array" count="464">

0.093438 0.979834 -0.176621 5.443200 0.403537 -0.199443 -0.892962 8.452300 -0.910180 0.012163 -0.414034 1.674300 0.000000 0.000000 0.000000 1.000000
0.093680 0.980561 -0.172408 5.443200 0.403664 -0.195706 -0.893731 8.452300 -0.910099 0.014130 -0.414151 1.674300 0.000000 0.000000 0.000000 1.000000
0.093261 0.981288 -0.168455 5.443200 0.403855 -0.191932 -0.894462 8.452300 -0.910057 0.015387 -0.414198 1.674300 0.000000 0.000000 0.000000 1.000000
0.091971 0.981897 -0.165590 5.443200 0.403989 -0.188788 -0.895071 8.452300 -0.910129 0.015424 -0.414038 1.674300 0.000000 0.000000 0.000000 1.000000
0.090243 0.982272 -0.164308 5.443200 0.404073 -0.186904 -0.895428 8.452300 -0.910264 0.014414 -0.413776 1.674300 0.000000 0.000000 0.000000 1.000000
0.088916 0.982374 -0.164423 5.443200 0.404105 -0.186460 -0.895506 8.452300 -0.910381 0.013181 -0.413561 1.674300 0.000000 0.000000 0.000000 1.000000
0.088236 0.982282 -0.165340 5.443200 0.404101 -0.187014 -0.895393 8.452300 -0.910449 0.012192 -0.413443 1.674300 0.000000 0.000000 0.000000 1.000000
0.087396 0.982122 -0.166731 5.443200 0.404091 -0.187934 -0.895205 8.452300 -0.910534 0.010863 -0.413291 1.674300 0.000000 0.000000 0.000000 1.000000
0.085278 0.981964 -0.168744 5.443200 0.404095 -0.188893 -0.895001 8.452300 -0.910733 0.008135 -0.412915 1.674300 0.000000 0.000000 0.000000 1.000000
0.081676 0.981827 -0.171303 5.443200 0.404123 -0.189739 -0.894809 8.452300 -0.911051 0.003857 -0.412276 1.674300 0.000000 0.000000 0.000000 1.000000
0.077695 0.981759 -0.173531 5.443200 0.404170 -0.190129 -0.894705 8.452300 -0.911378 -0.000622 -0.411570 1.674300 0.000000 0.000000 0.000000 1.000000
