<?xml version="1.0" encoding="utf-8"?>
<COLLADA xmlns="http://www.collada.org/2005/11/COLLADASchema" version="1.4.1">
  <asset><contributor><author>Mixamo</author><authoring_tool>COLLADA Mixamo exporter</authoring_tool><comments></comments></contributor><created>2015-09-12T17:58:39Z</created><modified>2015-09-12T17:58:39Z</modified><revision></revision><title></title><unit meter="0.010000"/><up_axis>Y_UP</up_axis></asset>
  <library_animations>
    <animation id="mixamorig_Hips-anim" name="mixamorig_Hips"><source id="mixamorig_Hips-Matrix-animation-input"><float_array id="mixamorig_Hips-Matrix-animation-input-array" count="32">

0.000000 0.033333 0.066667 0.100000 0.133333 0.166667 0.200000 0.233333 0.266667 0.300000 0.333333 0.366667 0.400000 0.433333 0.466667 0.500000
0.533333 0.566667 0.600000 0.633333 0.666667 0.700000 0.733333 0.766667 0.800000 0.833333 0.866667 0.900000 0.933333 0.966667 1.000000 1.033333</float_array><technique_common><accessor source="#mixamorig_Hips-Matrix-animation-input-array" count="32"><param name="TIME" type="float"/></accessor></technique_common></source><source id="mixamorig_Hips-Matrix-animation-output-transform"><float_array id="mixamorig_Hips-Matrix-animation-output-transform-array" count="512">

0.403774 -0.073391 -0.911910 -0.549653 -0.004791 0.996594 -0.082328 100.177322 0.914846 0.037611 0.402047 0.251636 0.000000 0.000000 0.000000 1.000000
0.371573 -0.086468 -0.924368 -5.910466 0.006541 0.995872 -0.090528 100.243813 0.928381 0.027591 0.370605 0.536167 0.000000 0.000000 0.000000 1.000000
0.332883 -0.095380 -0.938132 -11.371710 0.002369 0.994953 -0.100316 99.599068 0.942965 0.031171 0.331429 0.893040 0.000000 0.000000 0.000000 1.000000
0.268983 -0.096217 -0.958327 -17.058172 -0.013966 0.994503 -0.103769 98.296829 0.963044 0.041296 0.266160 1.196083 0.000000 0.000000 0.000000 1.000000
0.190383 -0.093984 -0.977201 -23.156139 -0.037651 0.993975 -0.102933 96.254921 0.980988 0.056389 0.185698 1.427215 0.000000 0.000000 0.000000 1.000000
0.123440 -0.092953 -0.987989 -29.098232 -0.057884 0.993234 -0.100679 94.397186 0.990662 0.069617 0.117224 1.488814 0.000000 0.000000 0.000000 1.000000
0.094732 -0.095902 -0.990873 -34.950897 -0.062711 0.992797 -0.102084 92.856445 0.993526 0.071809 0.088035 1.437083 0.000000 0.000000 0.000000 1.000000
0.109114 -0.103839 -0.988591 -41.118771 -0.032787 0.993612 -0.107985 92.053436 0.993488 0.044196 0.105012 1.303909 0.000000 0.000000 0.000000 1.000000
0.144694 -0.109383 -0.983412 -47.633858 -0.004301 0.993792 -0.111171 91.598831 0.989467 0.020316 0.143325 1.239146 0.000000 0.000000 0.000000 1.000000
0.196455 -0.117678 -0.973426 -53.822735 0.035708 0.992972 -0.112835 91.927406 0.979863 -0.012592 0.199276 1.008681 0.000000 0.000000 0.000000 1.000000
0.251378 -0.126953 -0.959527 -59.255547 0.071886 0.991071 -0.112293 92.884399 0.965216 -0.040748 0.258260 0.908844 0.000000 0.000000 0.000000 1.000000
0.299833 -0.134554 -0.944455 -64.377853 0.094949 0.989297 -0.110799 94.186356 0.949255 -0.056454 0.309400 0.907762 0.000000 0.000000 0.000000 1.000000
0.337551 -0.137058 -0.931276 -69.513847 0.094783 0.989264 -0.111237 95.790764 0.936523 -0.050721 0.346918 0.726530 0.000000 0.000000 0.000000 1.000000
0.374365 -0.135270 -0.917362 -74.650093 0.075842 0.990455 -0.115097 97.495483 0.924175 -0.026486 0.381051 0.473536 0.000000 0.000000 0.000000 1.000000
0.397463 -0.135513 -0.907557 -79.690170 0.054796 0.990775 -0.123941 99.105453 0.915981 -0.000469 0.401222 0.329100 0.000000 0.000000 0.000000 1.000000
0.403838 -0.133779 -0.904996 -84.554085 0.035615 0.990799 -0.130570 100.358887 0.914137 0.020497 0.404887 0.565226 0.000000 0.000000 0.000000 1.000000
0.407540 -0.132923 -0.903461 -89.353378 0.024517 0.990585 -0.134682 101.003952 0.912858 0.032738 0.406962 0.988573 0.000000 0.000000 0.000000 1.000000
0.414814 -0.138252 -0.899342 -94.317352 0.028891 0.989892 -0.138846 100.962929 0.909447 0.031612 0.414616 1.277306 0.000000 0.000000 0.000000 1.000000
0.428222 -0.149675 -0.891192 -99.567688 0.047594 0.988555 -0.143158 100.225647 0.902419 0.018888 0.430444 1.443970 0.000000 0.000000 0.000000 1.000000
0.453045 -0.158851 -0.877221 -105.303261 0.074572 0.987301 -0.140271 98.421143 0.888363 -0.001867 0.459137 1.525266 0.000000 0.000000 0.000000 1.000000
0.476260 -0.161184 -0.864405 -111.000641 0.093462 0.986766 -0.132506 96.727875 0.874323 -0.017681 0.485022 1.627576 0.000000 0.000000 0.000000 1.000000
0.484480 -0.160357 -0.859979 -116.518127 0.098688 0.986799 -0.128408 95.305481 0.869218 -0.022659 0.493910 1.662946 0.000000 0.000000 0.000000 1.000000
0.482970 -0.144788 -0.863584 -122.385674 0.081231 0.989390 -0.120450 94.290848 0.871861 -0.011976 0.489607 1.563567 0.000000 0.000000 0.000000 1.000000
0.484762 -0.117821 -0.866674 -128.892349 0.048812 0.992986 -0.107690 93.525909 0.873283 0.009900 0.487113 1.235080 0.000000 0.000000 0.000000 1.000000
0.485243 -0.105940 -0.867938 -135.346619 0.023282 0.993846 -0.108292 92.905167 0.874069 0.032341 0.484724 0.766482 0.000000 0.000000 0.000000 1.000000
0.482617 -0.098821 -0.870239 -141.414246 0.002315 0.993755 -0.111564 92.686096 0.875829 0.051828 0.479831 0.341157 0.000000 0.000000 0.000000 1.000000
0.489759 -0.079560 -0.868220 -147.180069 -0.025548 0.994090 -0.105506 93.240784 0.871483 0.073854 0.484832 0.029832 0.000000 0.000000 0.000000 1.000000
0.490376 -0.068216 -0.868837 -152.791016 -0.038754 0.994239 -0.099934 94.411766 0.870649 0.082676 0.484907 -0.155914 0.000000 0.000000 0.000000 1.000000
0.468934 -0.066673 -0.880713 -158.339050 -0.036914 0.994796 -0.094964 96.097923 0.882461 0.077043 0.464033 -0.194669 0.000000 0.000000 0.000000 1.000000
0.444563 -0.064463 -0.893425 -163.868805 -0.032653 0.995578 -0.088082 97.805725 0.895152 0.068331 0.440492 -0.077712 0.000000 0.000000 0.000000 1.000000
0.426503 -0.065528 -0.902109 -169.295441 -0.022402 0.996301 -0.082961 99.294037 0.904209 0.055592 0.423457 0.078315 0.000000 0.000000 0.000000 1.000000
0.403774 -0.073391 -0.911910 -174.634598 -0.004791 0.996594 -0.082328 100.177338 0.914846 0.037611 0.402047 0.251635 0.000000 0.000000 0.000000 1.000000</float_array><technique_common><accessor source="#mixamorig_Hips-Matrix-animation-output-transform-array" count="32" stride="16"><param type="float4x4"/></accessor></technique_common></source><source id="mixamorig_Hips-Interpolations"><Name_array id="mixamorig_Hips-Interpolations-array" count="32">
 LINEAR LINEAR LINEAR LINEAR LINEAR LINEAR LINEAR LINEAR LINEAR LINEAR LINEAR
LINEAR LINEAR LINEAR LINEAR LINEAR LINEAR LINEAR LINEAR LINEAR LINEAR LINEAR LINEAR
LINEAR LINEAR LINEAR LINEAR LINEAR LINEAR LINEAR LINEAR LINEAR</Name_array><technique_common><accessor source="#mixamorig_Hips-Interpolations-array" count="32"><param type="name"/></accessor></technique_common></source><sampler id="mixamorig_Hips-Matrix-animation-transform"><input semantic="INPUT" source="#mixamorig_Hips-Matrix-animation-input"/><input semantic="OUTPUT" source="#mixamorig_Hips-Matrix-animation-output-transform"/><input semantic="INTERPOLATION" source="#mixamorig_Hips-Interpolations"/></sampler><channel source="#mixamorig_Hips-Matrix-animation-transform" target="mixamorig_Hips/matrix"/></animation>
    <animation id="mixamorig_Spine-anim" name="mixamorig_Spine"><source id="mixamorig_Spine-Matrix-animation-input"><float_array id="mixamorig_Spine-Matrix-animation-input-array" count="32">

0.000000 0.033333 0.066667 0.100000 0.133333 0.166667 0.200000 0.233333 0.266667 0.300000 0.333333 0.366667 0.400000 0.433333 0.466667 0.500000
0.533333 0.566667 0.600000 0.633333 0.666667 0.700000 0.733333 0.766667 0.800000 0.833333 0.866667 0.900000 0.933333 0.966667 1.000000 1.033333</float_array><technique_common><accessor source="#mixamorig_Spine-Matrix-animation-input-array" count="32"><param name="TIME" type="float"/></accessor></technique_common></source><source id="mixamorig_Spine-Matrix-animation-output-transform"><float_array id="mixamorig_Spine-Matrix-animation-output-transform-array" count="512">

0.991765 -0.008888 0.127761 0.003800 0.002590 0.998777 0.049374 9.469100 -0.128043 -0.048636 0.990575 -0.797400 0.000000 0.000000 0.000000 1.000000
0.988096 0.004151 0.153783 0.003800 -0.012164 0.998614 0.051201 9.469100 -0.153358 -0.052462 0.986777 -0.797400 0.000000 0.000000 0.000000 1.000000
0.982429 -0.000230 0.186635 0.003800 -0.010715 0.998280 0.057633 9.469100 -0.186327 -0.058621 0.980737 -0.797400 0.000000 0.000000 0.000000 1.000000
0.970504 -0.011819 0.240797 0.003800 -0.003450 0.998015 0.062888 9.469100 -0.241062 -0.061864 0.968536 -0.797400 0.000000 0.000000 0.000000 1.000000
0.953361 -0.025803 0.300729 0.003800 0.004505 0.997445 0.071302 9.469100 -0.301800 -0.066622 0.951041 -0.797400 0.000000 0.000000 0.000000 1.000000
0.936754 -0.036159 0.348115 0.003800 0.011541 0.997299 0.072533 9.469100 -0.349798 -0.063928 0.934642 -0.797400 0.000000 0.000000 0.000000 1.000000
0.928301 -0.034884 0.370190 0.003800 0.009554 0.997498 0.070040 9.469100 -0.371707 -0.061482 0.926312 -0.797400 0.000000 0.000000 0.000000 1.000000
0.931646 -0.001628 0.363365 0.003800 -0.022986 0.997723 0.063404 9.469100 -0.362640 -0.067422 0.929487 -0.797400 0.000000 0.000000 0.000000 1.000000
0.936101 0.024138 0.350903 0.003800 -0.048389 0.996994 0.060504 9.469100 -0.348388 -0.073618 0.934455 -0.797400 0.000000 0.000000 0.000000 1.000000
0.941036 0.062183 0.332544 0.003800 -0.083820 0.995170 0.051106 9.469100 -0.327759 -0.075967 0.941702 -0.797400 0.000000 0.000000 0.000000 1.000000
0.951930 0.089808 0.292855 0.003800 -0.106045 0.993556 0.040011 9.469100 -0.287375 -0.069143 0.955319 -0.797400 0.000000 0.000000 0.000000 1.000000
0.965875 0.099622 0.239083 0.003800 -0.111135 0.993184 0.035132 9.469100 -0.233953 -0.060503 0.970363 -0.797400 0.000000 0.000000 0.000000 1.000000
0.975548 0.092839 0.199214 0.003800 -0.101519 0.994260 0.033782 9.469100 -0.194934 -0.053180 0.979374 -0.797400 0.000000 0.000000 0.000000 1.000000
0.983711 0.069550 0.165757 0.003800 -0.076643 0.996380 0.036775 9.469100 -0.162599 -0.048880 0.985481 -0.797400 0.000000 0.000000 0.000000 1.000000
0.988891 0.041598 0.142704 0.003800 -0.048035 0.997964 0.041955 9.469100 -0.140669 -0.048344 0.988876 -0.797400 0.000000 0.000000 0.000000 1.000000
0.991383 0.016172 0.129993 0.003800 -0.022272 0.998711 0.045608 9.469100 -0.129088 -0.048110 0.990465 -0.797400 0.000000 0.000000 0.000000 1.000000
0.993013 0.001101 0.117997 0.003800 -0.006845 0.998810 0.048284 9.469100 -0.117803 -0.048754 0.991839 -0.797400 0.000000 0.000000 0.000000 1.000000
0.994679 0.004349 0.102929 0.003800 -0.009497 0.998725 0.049585 9.469100 -0.102582 -0.050299 0.993452 -0.797400 0.000000 0.000000 0.000000 1.000000
0.996388 0.023330 0.081646 0.003800 -0.027678 0.998235 0.052535 9.469100 -0.080277 -0.054605 0.995276 -0.797400 0.000000 0.000000 0.000000 1.000000
0.997392 0.047912 0.053975 0.003800 -0.050948 0.997111 0.056340 9.469100 -0.051120 -0.058943 0.996952 -0.797400 0.000000 0.000000 0.000000 1.000000
0.997794 0.057127 0.033819 0.003800 -0.058954 0.996702 0.055762 9.469100 -0.030522 -0.057633 0.997871 -0.797400 0.000000 0.000000 0.000000 1.000000
0.998304 0.051799 0.026564 0.003800 -0.053164 0.997147 0.053583 9.469100 -0.023713 -0.054904 0.998210 -0.797400 0.000000 0.000000 0.000000 1.000000
0.999165 0.029607 0.028152 0.003800 -0.031014 0.998221 0.050920 9.469100 -0.026594 -0.051751 0.998306 -0.797400 0.000000 0.000000 0.000000 1.000000
0.999462 -0.000838 0.032774 0.003800 -0.000856 0.998666 0.051635 9.469100 -0.032774 -0.051636 0.998128 -0.797400 0.000000 0.000000 0.000000 1.000000
0.998950 -0.023978 0.039048 0.003800 0.021644 0.998016 0.059132 9.469100 -0.040388 -0.058225 0.997486 -0.797400 0.000000 0.000000 0.000000 1.000000
0.998178 -0.041860 0.043450 0.003800 0.039149 0.997340 0.061477 9.469100 -0.045908 -0.059664 0.997162 -0.797400 0.000000 0.000000 0.000000 1.000000
0.996942 -0.064056 0.044761 0.003800 0.061462 0.996474 0.057118 9.469100 -0.048262 -0.054193 0.997363 -0.797400 0.000000 0.000000 0.000000 1.000000
0.995975 -0.070216 0.055709 0.003800 0.067144 0.996214 0.055217 9.469100 -0.059375 -0.051254 0.996919 -0.797400 0.000000 0.000000 0.000000 1.000000
0.995147 -0.059021 0.078730 0.003800 0.054832 0.997015 0.054349 9.469100 -0.081702 -0.049768 0.995413 -0.797400 0.000000 0.000000 0.000000 1.000000
0.994094 -0.046104 0.098239 0.003800 0.041027 0.997747 0.053086 9.469100 -0.100465 -0.048742 0.993746 -0.797400 0.000000 0.000000 0.000000 1.000000
0.993328 -0.030143 0.111315 0.003800 0.024567 0.998390 0.051135 9.469100 -0.112677 -0.048059 0.992469 -0.797400 0.000000 0.000000 0.000000 1.000000
0.991765 -0.008888 0.127761 0.003800 0.002590 0.998777 0.049374 9.469100 -0.128043 -0.048636 0.990575 -0.797400 0.000000 0.000000 0.000000 1.000000</float_array><technique_common><accessor source="#mixamorig_Spine-Matrix-animation-output-transform-array" count="32" stride="16"><param type="float4x4"/></accessor></technique_common></source><source id="mixamorig_Spine-Interpolations"><Name_array id="mixamorig_Spine-Interpolations-array" count="32">
 LINEAR LINEAR LINEAR LINEAR LINEAR LINEAR LINEAR LINEAR LINEAR LINEAR LINEAR
LINEAR LINEAR LINEAR LINEAR LINEAR LINEAR LINEAR LINEAR LINEAR LINEAR LINEAR LINEAR
LINEAR LINEAR LINEAR LINEAR LINEAR LINEAR LINEAR LINEAR LINEAR</Name_array><technique_common><accessor source="#mixamorig_Spine-Interpolations-array" count="32"><param type="name"/></accessor></technique_common></source><sampler id="mixamorig_Spine-Matrix-animation-transform"><input semantic="INPUT" source="#mixamorig_Spine-Matrix-animation-input"/><input semantic="OUTPUT" source="#mixamorig_Spine-Matrix-animation-output-transform"/><input semantic="INTERPOLATION" source="#mixamorig_Spine-Interpolations"/></sampler><channel source="#mixamorig_Spine-Matrix-animation-transform" target="mixamorig_Spine/matrix"/></animation>
    <animation id="mixamorig_Spine1-anim" name="mixamorig_Spine1"><source id="mixamorig_Spine1-Matrix-animation-input"><float_array id="mixamorig_Spine1-Matrix-animation-input-array" count="32">

0.000000 0.033333 0.066667 0.100000 0.133333 0.166667 0.200000 0.233333 0.266667 0.300000 0.333333 0.366667 0.400000 0.433333 0.466667 0.500000
0.533333 0.566667 0.600000 0.633333 0.666667 0.700000 0.733333 0.766667 0.800000 0.833333 0.866667 0.900000 0.933333 0.966667 1.000000 1.033333</float_array><technique_common><accessor source="#mixamorig_Spine1-Matrix-animation-input-array" count="32"><param name="TIME" type="float"/></accessor></technique_common></source><source id="mixamorig_Spine1-Matrix-animation-output-transform"><float_array id="mixamorig_Spine1-Matrix-animation-output-transform-array" count="512">

0.996536 -0.008623 0.082709 -0.000000 0.011832 0.999193 -0.038382 10.885900 -0.082311 0.039228 0.995834 0.000000 0.000000 0.000000 0.000000 1.000000
0.995904 -0.001531 0.090400 0.000000 0.004809 0.999338 -0.036052 10.885900 -0.090285 0.036339 0.995253 -0.000000 0.000000 0.000000 0.000000 1.000000
0.995091 -0.000212 0.098963 -0.000000 0.003305 0.999511 -0.031091 10.885900 -0.098908 0.031265 0.994605 0.000000 0.000000 0.000000 0.000000 1.000000
0.994178 -0.004329 0.107668 0.000000 0.007185 0.999632 -0.026149 10.885900 -0.107515 0.026770 0.993843 0.000000 0.000000 0.000000 0.000000 1.000000
0.993106 -0.009782 0.116812 0.000000 0.012309 0.999705 -0.020933 10.885900 -0.116573 0.022226 0.992933 0.000000 0.000000 0.000000 0.000000 1.000000
0.992210 -0.012802 0.123921 0.000000 0.015301 0.999698 -0.019234 10.885900 -0.123637 0.020980 0.992106 0.000000 0.000000 0.000000 0.000000 1.000000
0.991840 -0.009756 0.127114 0.000000 0.012670 0.999675 -0.022135 10.885900 -0.126856 0.023565 0.991641 0.000000 0.000000 0.000000 0.000000 1.000000
0.991701 0.000030 0.128565 -0.000000 0.003128 0.999698 -0.024355 10.885900 -0.128527 0.024555 0.991402 0.000000 0.000000 0.000000 0.000000 1.000000
0.991939 0.011948 0.126148 -0.000000 -0.009122 0.999695 -0.022955 10.885900 -0.126384 0.021619 0.991746 0.000000 0.000000 0.000000 0.000000 1.000000
0.992246 0.023248 0.122096 0.000000 -0.020100 0.999435 -0.026955 10.885900 -0.122653 0.024292 0.992152 0.000000 0.000000 0.000000 0.000000 1.000000
0.991725 0.028905 0.125080 -0.000000 -0.024890 0.999127 -0.033543 10.885900 -0.125941 0.030152 0.991579 -0.000000 0.000000 0.000000 0.000000 1.000000
0.991173 0.030390 0.129045 0.000000 -0.025829 0.998986 -0.036876 10.885900 -0.130035 0.033217 0.990953 0.000000 0.000000 0.000000 0.000000 1.000000
0.992079 0.027230 0.122625 0.000000 -0.022564 0.998973 -0.039285 10.885900 -0.123569 0.036207 0.991675 0.000000 0.000000 0.000000 0.000000 1.000000
0.993724 0.020833 0.109899 -0.000000 -0.016446 0.999037 -0.040677 10.885900 -0.110641 0.038615 0.993110 -0.000000 0.000000 0.000000 0.000000 1.000000
0.995136 0.013828 0.097535 0.000000 -0.009897 0.999124 -0.040670 10.885900 -0.098012 0.039507 0.994401 -0.000000 0.000000 0.000000 0.000000 1.000000
0.996077 0.005933 0.088288 -0.000000 -0.002357 0.999175 -0.040550 10.885900 -0.088456 0.040183 0.995269 0.000000 0.000000 0.000000 0.000000 1.000000
0.996585 -0.000228 0.082574 -0.000000 0.003542 0.999194 -0.039995 10.885900 -0.082498 0.040151 0.995782 0.000000 0.000000 0.000000 0.000000 1.000000
0.996866 -0.002872 0.079060 0.000000 0.005962 0.999226 -0.038883 10.885900 -0.078887 0.039232 0.996111 0.000000 0.000000 0.000000 0.000000 1.000000
0.997228 0.000054 0.074412 0.000000 0.002609 0.999359 -0.035701 10.885900 -0.074366 0.035796 0.996588 0.000000 0.000000 0.000000 0.000000 1.000000
0.997686 0.007680 0.067550 0.000000 -0.005599 0.999506 -0.030940 10.885900 -0.067754 0.030490 0.997236 0.000000 0.000000 0.000000 0.000000 1.000000
0.998061 0.013203 0.060823 0.000000 -0.011335 0.999456 -0.030961 10.885900 -0.061198 0.030212 0.997668 0.000000 0.000000 0.000000 0.000000 1.000000
0.998328 0.013226 0.056268 0.000000 -0.011373 0.999387 -0.033123 10.885900 -0.056672 0.032428 0.997866 0.000000 0.000000 0.000000 0.000000 1.000000
0.998514 0.005703 0.054197 0.000000 -0.003755 0.999346 -0.035974 10.885900 -0.054366 0.035717 0.997882 0.000000 0.000000 0.000000 0.000000 1.000000
0.998495 -0.004723 0.054636 -0.000000 0.006762 0.999285 -0.037192 10.885900 -0.054422 0.037505 0.997813 0.000000 0.000000 0.000000 0.000000 1.000000
0.998252 -0.011665 0.057935 0.000000 0.013650 0.999329 -0.033978 10.885900 -0.057499 0.034709 0.997742 -0.000000 0.000000 0.000000 0.000000 1.000000
0.998046 -0.019916 0.059218 0.000000 0.021917 0.999204 -0.033338 10.885900 -0.058506 0.034570 0.997688 -0.000000 0.000000 0.000000 0.000000 1.000000
0.998010 -0.030361 0.055257 0.000000 0.032404 0.998809 -0.036472 10.885900 -0.054084 0.038190 0.997806 0.000000 0.000000 0.000000 0.000000 1.000000
0.997858 -0.031893 0.057124 0.000000 0.034065 0.998717 -0.037462 10.885900 -0.055856 0.039327 0.997664 -0.000000 0.000000 0.000000 0.000000 1.000000
0.997350 -0.026978 0.067572 0.000000 0.029557 0.998861 -0.037459 10.885900 -0.066484 0.039357 0.997011 -0.000000 0.000000 0.000000 0.000000 1.000000
0.996925 -0.022544 0.075051 0.000000 0.025406 0.998977 -0.037406 10.885900 -0.074131 0.039197 0.996478 -0.000000 0.000000 0.000000 0.000000 1.000000
0.996812 -0.016898 0.077976 0.000000 0.019912 0.999078 -0.038039 10.885900 -0.077261 0.039470 0.996229 -0.000000 0.000000 0.000000 0.000000 1.000000
0.996536 -0.008623 0.082709 0.000000 0.011832 0.999193 -0.038382 10.885900 -0.082311 0.039228 0.995834 -0.000000 0.000000 0.000000 0.000000 1.000000</float_array><technique_common><accessor source="#mixamorig_Spine1-Matrix-animation-output-transform-array" count="32" stride="16"><param type="float4x4"/></accessor></technique_common></source><source id="mixamorig_Spine1-Interpolations"><Name_array id="mixamorig_Spine1-Interpolations-array" count="32">
 LINEAR LINEAR LINEAR LINEAR LINEAR LINEAR LINEAR LINEAR LINEAR LINEAR LINEAR
LINEAR LINEAR LINEAR LINEAR LINEAR LINEAR LINEAR LINEAR LINEAR LINEAR LINEAR LINEAR
LINEAR LINEAR LINEAR LINEAR LINEAR LINEAR LINEAR LINEAR LINEAR</Name_array><technique_common><accessor source="#mixamorig_Spine1-Interpolations-array" count="32"><param type="name"/></accessor></technique_common></source><sampler id="mixamorig_Spine1-Matrix-animation-transform"><input semantic="INPUT" source="#mixamorig_Spine1-Matrix-animation-input"/><input semantic="OUTPUT" source="#mixamorig_Spine1-Matrix-animation-output-transform"/><input semantic="INTERPOLATION" source="#mixamorig_Spine1-Interpolations"/></sampler><channel source="#mixamorig_Spine1-Matrix-animation-transform" target="mixamorig_Spine1/matrix"/></animation>
    <animation id="mixamorig_Spine2-anim" name="mixamorig_Spine2"><source id="mixamorig_Spine2-Matrix-animation-input"><float_array id="mixamorig_Spine2-Matrix-animation-input-array" count="32">

0.000000 0.033333 0.066667 0.100000 0.133333 0.166667 0.200000 0.233333 0.266667 0.300000 0.333333 0.366667 0.400000 0.433333 0.466667 0.500000
0.533333 0.566667 0.600000 0.633333 0.666667 0.700000 0.733333 0.766667 0.800000 0.833333 0.866667 0.900000 0.933333 0.966667 1.000000 1.033333</float_array><technique_common><accessor source="#mixamorig_Spine2-Matrix-animation-input-array" count="32"><param name="TIME" type="float"/></accessor></technique_common></source><source id="mixamorig_Spine2-Matrix-animation-output-transform"><float_array id="mixamorig_Spine2-Matrix-animation-output-transform-array" count="512">

0.996504 -0.008796 0.083085 -0.000000 0.014807 0.997295 -0.072001 12.834400 -0.082227 0.072980 0.993938 0.000000 0.000000 0.000000 0.000000 1.000000
0.995853 -0.001634 0.090965 0.000000 0.007977 0.997556 -0.069412 12.834400 -0.090629 0.069850 0.993432 -0.000000 0.000000 0.000000 0.000000 1.000000
0.995015 -0.000075 0.099730 0.000000 0.006496 0.997925 -0.064058 12.834400 -0.099518 0.064386 0.992950 0.000000 0.000000 0.000000 0.000000 1.000000
0.994088 -0.003795 0.108511 0.000000 0.010238 0.998213 -0.058876 12.834400 -0.108093 0.059639 0.992350 -0.000000 0.000000 0.000000 0.000000 1.000000
0.993016 -0.008605 0.117667 0.000000 0.015012 0.998446 -0.053671 12.834400 -0.117023 0.055062 0.991602 0.000000 0.000000 0.000000 0.000000 1.000000
0.992116 -0.011444 0.124803 0.000000 0.018042 0.998491 -0.051866 12.834400 -0.124021 0.053709 0.990825 0.000000 0.000000 0.000000 0.000000 1.000000
0.991744 -0.008700 0.127942 0.000000 0.015803 0.998383 -0.054608 12.834400 -0.127260 0.056179 0.990277 -0.000000 0.000000 0.000000 0.000000 1.000000
0.991614 0.000550 0.129232 0.000000 0.006849 0.998362 -0.056807 12.834400 -0.129052 0.057216 0.989986 -0.000000 0.000000 0.000000 0.000000 1.000000
0.991858 0.012084 0.126773 0.000000 -0.005093 0.998455 -0.055328 12.834400 -0.127246 0.054232 0.990388 -0.000000 0.000000 0.000000 0.000000 1.000000
0.992177 0.023105 0.122686 0.000000 -0.015883 0.998101 -0.059514 12.834400 -0.123828 0.057100 0.990659 0.000000 0.000000 0.000000 0.000000 1.000000
0.991660 0.028510 0.125687 0.000000 -0.020297 0.997604 -0.066143 12.834400 -0.127271 0.063041 0.989863 0.000000 0.000000 0.000000 0.000000 1.000000
0.991116 0.030028 0.129565 -0.000000 -0.021124 0.997354 -0.069559 12.834400 -0.131311 0.066204 0.989128 0.000000 0.000000 0.000000 0.000000 1.000000
0.992035 0.027086 0.123015 0.000000 -0.018259 0.997214 -0.072331 12.834400 -0.124631 0.069508 0.989765 0.000000 0.000000 0.000000 0.000000 1.000000
0.993691 0.020794 0.110212 0.000000 -0.012649 0.997171 -0.074097 12.834400 -0.111441 0.072235 0.991142 0.000000 0.000000 0.000000 0.000000 1.000000
0.995107 0.013725 0.097847 0.000000 -0.006446 0.997213 -0.074325 12.834400 -0.098595 0.073331 0.992422 -0.000000 0.000000 0.000000 0.000000 1.000000
0.996047 0.005750 0.088647 -0.000000 0.000852 0.997239 -0.074256 12.834400 -0.088829 0.074038 0.993291 0.000000 0.000000 0.000000 0.000000 1.000000
0.996556 -0.000490 0.082920 0.000000 0.006624 0.997257 -0.073717 12.834400 -0.082656 0.074012 0.993826 0.000000 0.000000 0.000000 0.000000 1.000000
0.996850 -0.003156 0.079247 -0.000000 0.008940 0.997310 -0.072749 12.834400 -0.078804 0.073228 0.994197 0.000000 0.000000 0.000000 0.000000 1.000000
0.997233 -0.000113 0.074342 0.000000 0.005319 0.997544 -0.069834 12.834400 -0.074152 0.070036 0.994785 0.000000 0.000000 0.000000 0.000000 1.000000
0.997714 0.007840 0.067117 0.000000 -0.003440 0.997852 -0.065414 12.834400 -0.067485 0.065033 0.995599 0.000000 0.000000 0.000000 0.000000 1.000000
0.998091 0.013504 0.060266 0.000000 -0.009545 0.997807 -0.065504 12.834400 -0.061018 0.064804 0.996031 -0.000000 0.000000 0.000000 0.000000 1.000000
0.998349 0.013476 0.055843 0.000000 -0.009689 0.997668 -0.067555 12.834400 -0.056624 0.066903 0.996151 0.000000 0.000000 0.000000 0.000000 1.000000
0.998524 0.005850 0.053994 0.000000 -0.002045 0.997527 -0.070259 12.834400 -0.054271 0.070045 0.996066 -0.000000 0.000000 0.000000 0.000000 1.000000
0.998495 -0.004743 0.054637 0.000000 0.008640 0.997416 -0.071322 12.834400 -0.054158 0.071687 0.995956 -0.000000 0.000000 0.000000 0.000000 1.000000
0.998236 -0.011951 0.058159 -0.000000 0.015897 0.997568 -0.067867 12.834400 -0.057207 0.068672 0.995998 0.000000 0.000000 0.000000 0.000000 1.000000
0.998013 -0.020356 0.059624 0.000000 0.024346 0.997458 -0.066966 12.834400 -0.058109 0.068285 0.995972 -0.000000 0.000000 0.000000 0.000000 1.000000
0.997975 -0.030745 0.055681 0.000000 0.034622 0.996942 -0.070056 12.834400 -0.053357 0.071842 0.995988 0.000000 0.000000 0.000000 0.000000 1.000000
0.997831 -0.032186 0.057425 0.000000 0.036248 0.996807 -0.071153 12.834400 -0.054952 0.073080 0.995811 0.000000 0.000000 0.000000 0.000000 1.000000
0.997332 -0.027209 0.067742 0.000000 0.032032 0.996951 -0.071151 12.834400 -0.065600 0.073131 0.995163 0.000000 0.000000 0.000000 0.000000 1.000000
0.996909 -0.022684 0.075221 0.000000 0.028062 0.997066 -0.071219 12.834400 -0.073385 0.073110 0.994620 0.000000 0.000000 0.000000 0.000000 1.000000
0.996789 -0.017031 0.078244 0.000000 0.022671 0.997164 -0.071769 12.834400 -0.076799 0.073313 0.994348 0.000000 0.000000 0.000000 0.000000 1.000000
0.996504 -0.008796 0.083085 0.000000 0.014807 0.997295 -0.072001 12.834400 -0.082227 0.072980 0.993938 -0.000000 0.000000 0.000000 0.000000 1.000000</float_array><technique_common><accessor source="#mixamorig_Spine2-Matrix-animation-output-transform-array" count="32" stride="16"><param type="float4x4"/></accessor></technique_common></source><source id="mixamorig_Spine2-Interpolations"><Name_array id="mixamorig_Spine2-Interpolations-array" count="32">
 LINEAR LINEAR LINEAR LINEAR LINEAR LINEAR LINEAR LINEAR LINEAR LINEAR LINEAR
LINEAR LINEAR LINEAR LINEAR LINEAR LINEAR LINEAR LINEAR LINEAR LINEAR LINEAR LINEAR
LINEAR LINEAR LINEAR LINEAR LINEAR LINEAR LINEAR LINEAR LINEAR</Name_array><technique_common><accessor source="#mixamorig_Spine2-Interpolations-array" count="32"><param type="name"/></accessor></technique_common></source><sampler id="mixamorig_Spine2-Matrix-animation-transform"><input semantic="INPUT" source="#mixamorig_Spine2-Matrix-animation-input"/><input semantic="OUTPUT" source="#mixamorig_Spine2-Matrix-animation-output-transform"/><input semantic="INTERPOLATION" source="#mixamorig_Spine2-Interpolations"/></sampler><channel source="#mixamorig_Spine2-Matrix-animation-transform" target="mixamorig_Spine2/matrix"/></animation>
    <animation id="mixamorig_Neck-anim" name="mixamorig_Neck"><source id="mixamorig_Neck-Matrix-animation-input"><float_array id="mixamorig_Neck-Matrix-animation-input-array" count="32">

0.000000 0.033333 0.066667 0.100000 0.133333 0.166667 0.200000 0.233333 0.266667 0.300000 0.333333 0.366667 0.400000 0.433333 0.466667 0.500000
0.533333 0.566667 0.600000 0.633333 0.666667 0.700000 0.733333 0.766667 0.800000 0.833333 0.866667 0.900000 0.933333 0.966667 1.000000 1.033333</float_array><technique_common><accessor source="#mixamorig_Neck-Matrix-animation-input-array" count="32"><param name="TIME" type="float"/></accessor></technique_common></source><source id="mixamorig_Neck-Matrix-animation-output-transform"><float_array id="mixamorig_Neck-Matrix-animation-output-transform-array" count="512">

0.994683 -0.032986 0.097561 -0.003900 0.057883 0.962596 -0.264687 14.257600 -0.085180 0.268926 0.959387 2.618200 0.000000 0.000000 0.000000 1.000000
0.994728 -0.031792 0.097492 -0.003900 0.056765 0.962489 -0.265317 14.257600 -0.085400 0.269452 0.959220 2.618200 0.000000 0.000000 0.000000 1.000000
0.994862 -0.026718 0.097652 -0.003900 0.051857 0.962893 -0.264855 14.257600 -0.086952 0.268558 0.959331 2.618200 0.000000 0.000000 0.000000 1.000000
0.994893 -0.022699 0.098346 -0.003900 0.047834 0.964046 -0.261395 14.257600 -0.088876 0.264765 0.960209 2.618200 0.000000 0.000000 0.000000 1.000000
0.994731 -0.023750 0.099734 -0.003900 0.048768 0.965303 -0.256537 14.257600 -0.090180 0.260050 0.961375 2.618200 0.000000 0.000000 0.000000 1.000000
0.994546 -0.022913 0.101749 -0.003900 0.047895 0.966957 -0.250399 14.257600 -0.092650 0.253906 0.962781 2.618200 0.000000 0.000000 0.000000 1.000000
0.994456 -0.020798 0.103075 -0.003900 0.045913 0.967751 -0.247690 14.257600 -0.094599 0.251049 0.963341 2.618200 0.000000 0.000000 0.000000 1.000000
0.994464 -0.023102 0.102510 -0.003900 0.047975 0.967745 -0.247321 14.257600 -0.093490 0.250869 0.963496 2.618200 0.000000 0.000000 0.000000 1.000000
0.994647 -0.022855 0.100773 -0.003900 0.047407 0.967474 -0.248487 14.257600 -0.091816 0.251934 0.963379 2.618200 0.000000 0.000000 0.000000 1.000000
0.994867 -0.025490 0.097926 -0.003900 0.049312 0.967190 -0.249221 14.257600 -0.088360 0.252771 0.963483 2.618200 0.000000 0.000000 0.000000 1.000000
0.995086 -0.018830 0.097212 -0.003900 0.043115 0.966194 -0.254184 14.257600 -0.089139 0.257126 0.962258 2.618200 0.000000 0.000000 0.000000 1.000000
0.994994 -0.009428 0.099484 -0.003900 0.035053 0.965210 -0.259117 14.257600 -0.093580 0.261307 0.960709 2.618200 0.000000 0.000000 0.000000 1.000000
0.994830 -0.008741 0.101179 -0.003900 0.034784 0.965354 -0.258617 14.257600 -0.095413 0.260799 0.960667 2.618200 0.000000 0.000000 0.000000 1.000000
0.994729 -0.008709 0.102166 -0.003900 0.035332 0.964477 -0.261792 14.257600 -0.096257 0.264022 0.959702 2.618200 0.000000 0.000000 0.000000 1.000000
0.994584 -0.007148 0.103685 -0.003900 0.034761 0.963056 -0.267047 14.257600 -0.097946 0.269205 0.958089 2.618200 0.000000 0.000000 0.000000 1.000000
0.994461 -0.005763 0.104951 -0.003900 0.033748 0.963133 -0.266899 14.257600 -0.099543 0.268963 0.957993 2.618200 0.000000 0.000000 0.000000 1.000000
0.994387 -0.007604 0.105530 -0.003900 0.035346 0.963987 -0.263589 14.257600 -0.099726 0.265839 0.958845 2.618200 0.000000 0.000000 0.000000 1.000000
0.994302 -0.011056 0.106026 -0.003900 0.038277 0.965307 -0.258299 14.257600 -0.099491 0.260885 0.960229 2.618200 0.000000 0.000000 0.000000 1.000000
0.994122 -0.014620 0.107275 -0.003900 0.041366 0.966957 -0.251559 14.257600 -0.100052 0.254518 0.961878 2.618200 0.000000 0.000000 0.000000 1.000000
0.993901 -0.018180 0.108769 -0.003900 0.044849 0.967703 -0.248070 14.257600 -0.100746 0.251435 0.962616 2.618200 0.000000 0.000000 0.000000 1.000000
0.993837 -0.019809 0.109068 -0.003900 0.046360 0.968002 -0.246624 14.257600 -0.100692 0.250160 0.962954 2.618200 0.000000 0.000000 0.000000 1.000000
0.993857 -0.018356 0.109143 -0.003900 0.044859 0.968324 -0.245633 14.257600 -0.101177 0.249020 0.963199 2.618200 0.000000 0.000000 0.000000 1.000000
0.993889 -0.014902 0.109372 -0.003900 0.041791 0.967888 -0.247883 14.257600 -0.102166 0.250939 0.962596 2.618200 0.000000 0.000000 0.000000 1.000000
0.994016 -0.014048 0.108324 -0.003900 0.041091 0.966942 -0.251665 14.257600 -0.101207 0.254611 0.961733 2.618200 0.000000 0.000000 0.000000 1.000000
0.994188 -0.015220 0.106576 -0.003900 0.041787 0.966895 -0.251729 14.257600 -0.099216 0.254719 0.961912 2.618200 0.000000 0.000000 0.000000 1.000000
0.994260 -0.013863 0.106086 -0.003900 0.040051 0.967696 -0.248919 14.257600 -0.099208 0.251739 0.962697 2.618200 0.000000 0.000000 0.000000 1.000000
0.994370 -0.013489 0.105104 -0.003900 0.039256 0.968184 -0.247142 14.257600 -0.098426 0.249876 0.963262 2.618200 0.000000 0.000000 0.000000 1.000000
0.994611 -0.018575 0.102000 -0.003900 0.043394 0.968082 -0.246850 14.257600 -0.094159 0.249946 0.963671 2.618200 0.000000 0.000000 0.000000 1.000000
0.994773 -0.025457 0.098882 -0.003900 0.049495 0.967261 -0.248910 14.257600 -0.089308 0.252503 0.963466 2.618200 0.000000 0.000000 0.000000 1.000000
0.994758 -0.030085 0.097730 -0.003900 0.054230 0.965478 -0.254776 14.257600 -0.086691 0.258740 0.962049 2.618200 0.000000 0.000000 0.000000 1.000000
0.994703 -0.032069 0.097658 -0.003900 0.056714 0.963607 -0.261238 14.257600 -0.085727 0.265393 0.960322 2.618200 0.000000 0.000000 0.000000 1.000000
0.994683 -0.032986 0.097560 -0.003900 0.057883 0.962596 -0.264687 14.257600 -0.085180 0.268927 0.959387 2.618200 0.000000 0.000000 0.000000 1.000000</float_array><technique_common><accessor source="#mixamorig_Neck-Matrix-animation-output-transform-array" count="32" stride="16"><param type="float4x4"/></accessor></technique_common></source><source id="mixamorig_Neck-Interpolations"><Name_array id="mixamorig_Neck-Interpolations-array" count="32">
 LINEAR LINEAR LINEAR LINEAR LINEAR LINEAR LINEAR LINEAR LINEAR LINEAR LINEAR
LINEAR LINEAR LINEAR LINEAR LINEAR LINEAR LINEAR LINEAR LINEAR LINEAR LINEAR LINEAR
LINEAR LINEAR LINEAR LINEAR LINEAR LINEAR LINEAR LINEAR LINEAR</Name_array><technique_common><accessor source="#mixamorig_Neck-Interpolations-array" count="32"><param type="name"/></accessor></technique_common></source><sampler id="mixamorig_Neck-Matrix-animation-transform"><input semantic="INPUT" source="#mixamorig_Neck-Matrix-animation-input"/><input semantic="OUTPUT" source="#mixamorig_Neck-Matrix-animation-output-transform"/><input semantic="INTERPOLATION" source="#mixamorig_Neck-Interpolations"/></sampler><channel source="#mixamorig_Neck-Matrix-animation-transform" target="mixamorig_Neck/matrix"/></animation>
    <animation id="mixamorig_Head-anim" name="mixamorig_Head"><source id="mixamorig_Head-Matrix-animation-input"><float_array id="mixamorig_Head-Matrix-animation-input-array" count="32">

0.000000 0.033333 0.066667 0.100000 0.133333 0.166667 0.200000 0.233333 0.266667 0.300000 0.333333 0.366667 0.400000 0.433333 0.466667 0.500000
0.533333 0.566667 0.600000 0.633333 0.666667 0.700000 0.733333 0.766667 0.800000 0.833333 0.866667 0.900000 0.933333 0.966667 1.000000 1.033333</float_array><technique_common><accessor source="#mixamorig_Head-Matrix-animation-input-array" count="32"><param name="TIME" type="float"/></accessor></technique_common></source><source id="mixamorig_Head-Matrix-animation-output-transform"><float_array id="mixamorig_Head-Matrix-animation-output-transform-array" count="512">

0.810834 0.104857 0.575806 -0.000500 -0.177514 0.981537 0.071226 10.387000 -0.557707 -0.159966 0.814478 1.832200 0.000000 0.000000 0.000000 1.000000
0.812518 0.100175 0.574264 -0.000500 -0.171687 0.982552 0.071521 10.387000 -0.557080 -0.156706 0.815540 1.832200 0.000000 0.000000 0.000000 1.000000
0.811887 0.104610 0.574366 -0.000500 -0.176557 0.981744 0.070763 10.387000 -0.556478 -0.158860 0.815534 1.832200 0.000000 0.000000 0.000000 1.000000
0.807098 0.115989 0.578912 -0.000500 -0.188832 0.979723 0.066969 10.387000 -0.559406 -0.163367 0.812635 1.832200 0.000000 0.000000 0.000000 1.000000
0.799238 0.123392 0.588212 -0.000500 -0.197260 0.978338 0.062798 10.387000 -0.567721 -0.166222 0.806265 1.832200 0.000000 0.000000 0.000000 1.000000
0.792402 0.123088 0.597451 -0.000500 -0.203170 0.976763 0.068231 10.387000 -0.575170 -0.175450 0.798997 1.832200 0.000000 0.000000 0.000000 1.000000
0.790799 0.114351 0.601299 -0.000500 -0.207905 0.974168 0.088165 10.387000 -0.575684 -0.194734 0.794145 1.832200 0.000000 0.000000 0.000000 1.000000
0.796231 0.096577 0.597235 -0.000500 -0.201508 0.973144 0.111286 10.387000 -0.570448 -0.208957 0.794308 1.832200 0.000000 0.000000 0.000000 1.000000
0.808660 0.076491 0.583283 -0.000500 -0.181684 0.975513 0.123957 10.387000 -0.559518 -0.206212 0.802755 1.832200 0.000000 0.000000 0.000000 1.000000
0.822140 0.061417 0.565963 -0.000500 -0.164541 0.977368 0.132956 10.387000 -0.544988 -0.202433 0.813639 1.832200 0.000000 0.000000 0.000000 1.000000
0.828030 0.057572 0.557719 -0.000500 -0.161912 0.976889 0.139544 10.387000 -0.536796 -0.205848 0.818215 1.832200 0.000000 0.000000 0.000000 1.000000
0.823925 0.063035 0.563182 -0.000500 -0.164554 0.977587 0.131322 10.387000 -0.542281 -0.200873 0.815831 1.832200 0.000000 0.000000 0.000000 1.000000
0.818552 0.073703 0.569684 -0.000500 -0.166408 0.979634 0.112362 10.387000 -0.549801 -0.186774 0.814147 1.832200 0.000000 0.000000 0.000000 1.000000
0.816499 0.078880 0.571933 -0.000500 -0.163947 0.981521 0.098683 10.387000 -0.553580 -0.174342 0.814343 1.832200 0.000000 0.000000 0.000000 1.000000
0.813504 0.081263 0.575854 -0.000500 -0.162718 0.982446 0.091230 10.387000 -0.558332 -0.167918 0.812446 1.832200 0.000000 0.000000 0.000000 1.000000
0.810361 0.087227 0.579402 -0.000500 -0.165954 0.982533 0.084189 10.387000 -0.561939 -0.164378 0.810682 1.832200 0.000000 0.000000 0.000000 1.000000
0.807139 0.092664 0.583044 -0.000500 -0.172624 0.981486 0.082983 10.387000 -0.564560 -0.167626 0.808192 1.832200 0.000000 0.000000 0.000000 1.000000
0.803453 0.096705 0.587461 -0.000500 -0.182272 0.979295 0.088081 10.387000 -0.566780 -0.177846 0.804445 1.832200 0.000000 0.000000 0.000000 1.000000
0.800006 0.095651 0.592319 -0.000500 -0.188148 0.977410 0.096282 10.387000 -0.569729 -0.188470 0.799930 1.832200 0.000000 0.000000 0.000000 1.000000
0.797673 0.090049 0.596329 -0.000500 -0.191250 0.975524 0.108515 10.387000 -0.571962 -0.200608 0.795371 1.832200 0.000000 0.000000 0.000000 1.000000
0.795947 0.093534 0.598097 -0.000500 -0.203537 0.971822 0.118888 10.387000 -0.570124 -0.216363 0.792556 1.832200 0.000000 0.000000 0.000000 1.000000
0.793139 0.103928 0.600108 -0.000500 -0.219228 0.968003 0.122103 10.387000 -0.568217 -0.228405 0.790545 1.832200 0.000000 0.000000 0.000000 1.000000
0.788914 0.117174 0.603229 -0.000500 -0.230126 0.966553 0.113215 10.387000 -0.569787 -0.228136 0.789492 1.832200 0.000000 0.000000 0.000000 1.000000
0.787910 0.129276 0.602067 -0.000500 -0.228020 0.969466 0.090240 10.387000 -0.572018 -0.208384 0.793330 1.832200 0.000000 0.000000 0.000000 1.000000
0.787730 0.141765 0.599487 -0.000500 -0.228055 0.971128 0.070016 10.387000 -0.572253 -0.191869 0.797316 1.832200 0.000000 0.000000 0.000000 1.000000
0.781999 0.157662 0.603010 -0.000500 -0.248478 0.966132 0.069630 10.387000 -0.571609 -0.204285 0.794689 1.832200 0.000000 0.000000 0.000000 1.000000
0.780956 0.164698 0.602480 -0.000500 -0.263687 0.961368 0.078996 10.387000 -0.566194 -0.220558 0.794215 1.832200 0.000000 0.000000 0.000000 1.000000
0.792831 0.151520 0.590306 -0.000500 -0.248523 0.964788 0.086145 10.387000 -0.556467 -0.215003 0.802570 1.832200 0.000000 0.000000 0.000000 1.000000
0.804710 0.132698 0.578648 -0.000500 -0.222082 0.971217 0.086120 10.387000 -0.550565 -0.197808 0.811018 1.832200 0.000000 0.000000 0.000000 1.000000
0.808599 0.120790 0.575828 -0.000500 -0.202443 0.976059 0.079533 10.387000 -0.552435 -0.180883 0.813693 1.832200 0.000000 0.000000 0.000000 1.000000
0.809387 0.112814 0.576339 -0.000500 -0.188874 0.979242 0.073568 10.387000 -0.556075 -0.168401 0.813893 1.832200 0.000000 0.000000 0.000000 1.000000
0.810834 0.104857 0.575806 -0.000500 -0.177514 0.981537 0.071226 10.387000 -0.557707 -0.159966 0.814478 1.832200 0.000000 0.000000 0.000000 1.000000</float_array><technique_common><accessor source="#mixamorig_Head-Matrix-animation-output-transform-array" count="32" stride="16"><param type="float4x4"/></accessor></technique_common></source><source id="mixamorig_Head-Interpolations"><Name_array id="mixamorig_Head-Interpolations-array" count="32">
 LINEAR LINEAR LINEAR LINEAR LINEAR LINEAR LINEAR LINEAR LINEAR LINEAR LINEAR
LINEAR LINEAR LINEAR LINEAR LINEAR LINEAR LINEAR LINEAR LINEAR LINEAR LINEAR LINEAR
