<?xml version="1.0" encoding="utf-8"?>
<COLLADA xmlns="http://www.collada.org/2005/11/COLLADASchema" version="1.4.1">
  <asset><contributor><author>Mixamo</author><authoring_tool>COLLADA Mixamo exporter</authoring_tool><comments></comments></contributor><created>2015-09-12T17:58:50Z</created><modified>2015-09-12T17:58:50Z</modified><revision></revision><title></title><unit meter="0.010000"/><up_axis>Y_UP</up_axis></asset>
  <library_animations>
    <animation id="mixamorig_Hips-anim" name="mixamorig_Hips"><source id="mixamorig_Hips-Matrix-animation-input"><float_array id="mixamorig_Hips-Matrix-animation-input-array" count="22">

0.000000 0.033333 0.066667 0.100000 0.133333 0.166667 0.200000 0.233333 0.266667 0.300000 0.333333 0.366667 0.400000 0.433333 0.466667 0.500000
0.533333 0.566667 0.600000 0.633333 0.666667 0.700000</float_array><technique_common><accessor source="#mixamorig_Hips-Matrix-animation-input-array" count="22"><param name="TIME" type="float"/></accessor></technique_common></source><source id="mixamorig_Hips-Matrix-animation-output-transform"><float_array id="mixamorig_Hips-Matrix-animation-output-transform-array" count="352">

0.949718 0.065755 -0.306124 0.267223 -0.173497 0.924395 -0.339696 86.516258 0.260643 0.375727 0.889322 1.543610 0.000000 0.000000 0.000000 1.000000
0.966975 -0.011732 -0.254600 0.569987 -0.081049 0.932932 -0.350813 87.773506 0.241640 0.359863 0.901171 15.879907 0.000000 0.000000 0.000000 1.000000
0.985695 -0.090436 -0.142222 0.618802 0.028639 0.921449 -0.387443 89.619286 0.166089 0.377827 0.910857 30.560568 0.000000 0.000000 0.000000 1.000000
0.993964 -0.104825 -0.032370 0.595679 0.082407 0.908144 -0.410468 91.227409 0.072424 0.405322 0.911300 45.199947 0.000000 0.000000 0.000000 1.000000
0.997353 -0.057791 0.044127 0.883103 0.070890 0.907846 -0.413269 92.326073 -0.016178 0.415303 0.909539 59.756786 0.000000 0.000000 0.000000 1.000000
0.996041 -0.023906 0.085617 1.238080 0.055153 0.921551 -0.384321 92.188736 -0.069713 0.387521 0.919221 73.827942 0.000000 0.000000 0.000000 1.000000
0.994442 -0.034100 0.099606 1.477629 0.066330 0.937640 -0.341220 91.205116 -0.081759 0.345930 0.934691 87.809090 0.000000 0.000000 0.000000 1.000000
0.993800 -0.051977 0.098282 1.674677 0.080855 0.944637 -0.317999 89.752419 -0.076312 0.323974 0.942983 101.249344 0.000000 0.000000 0.000000 1.000000
0.989884 -0.074925 0.120478 1.983371 0.109196 0.944512 -0.309796 87.501701 -0.090581 0.319818 0.943139 113.553352 0.000000 0.000000 0.000000 1.000000
0.980444 -0.080493 0.179582 1.964028 0.134886 0.939324 -0.315399 85.750999 -0.143298 0.333455 0.931812 125.431686 0.000000 0.000000 0.000000 1.000000
0.969426 -0.018099 0.244714 1.618775 0.099065 0.941259 -0.322828 84.792076 -0.224496 0.337201 0.914274 139.153137 0.000000 0.000000 0.000000 1.000000
0.963156 0.046854 0.264830 1.467699 0.044070 0.943901 -0.327275 85.629509 -0.265308 0.326888 0.907059 154.499603 0.000000 0.000000 0.000000 1.000000
0.973263 0.102671 0.205470 1.528856 -0.025050 0.936648 -0.349376 87.677971 -0.228324 0.334887 0.914177 170.550140 0.000000 0.000000 0.000000 1.000000
0.985470 0.153276 0.073178 1.598548 -0.116792 0.924336 -0.363266 89.716415 -0.123321 0.349441 0.928807 186.573166 0.000000 0.000000 0.000000 1.000000
0.986839 0.154201 -0.048691 1.515712 -0.161191 0.914030 -0.372246 91.401863 -0.012896 0.375195 0.926856 202.221664 0.000000 0.000000 0.000000 1.000000
0.988475 0.116302 -0.096911 1.207734 -0.144921 0.912049 -0.383619 92.739441 0.043772 0.393242 0.918392 217.668381 0.000000 0.000000 0.000000 1.000000
0.990995 0.088904 -0.100121 1.053481 -0.119720 0.923187 -0.365229 92.778938 0.059961 0.373927 0.925518 232.715195 0.000000 0.000000 0.000000 1.000000
0.991684 0.076350 -0.103604 1.005522 -0.107728 0.932894 -0.343663 92.054459 0.070413 0.351966 0.933361 248.223755 0.000000 0.000000 0.000000 1.000000
0.987816 0.083096 -0.131588 0.710802 -0.123036 0.934741 -0.333347 90.097794 0.095301 0.345476 0.933576 263.957214 0.000000 0.000000 0.000000 1.000000
0.973110 0.124398 -0.193861 0.306924 -0.184885 0.923806 -0.335260 87.766693 0.137384 0.362087 0.921964 278.383820 0.000000 0.000000 0.000000 1.000000
0.952597 0.144202 -0.267889 0.190801 -0.236725 0.904421 -0.354942 86.028481 0.191102 0.401532 0.895685 292.177856 0.000000 0.000000 0.000000 1.000000
0.946970 0.095110 -0.306923 0.208974 -0.205341 0.913823 -0.350375 85.824219 0.247149 0.394819 0.884893 307.985229 0.000000 0.000000 0.000000 1.000000</float_array><technique_common><accessor source="#mixamorig_Hips-Matrix-animation-output-transform-array" count="22" stride="16"><param type="float4x4"/></accessor></technique_common></source><source id="mixamorig_Hips-Interpolations"><Name_array id="mixamorig_Hips-Interpolations-array" count="22">
 LINEAR LINEAR LINEAR LINEAR LINEAR LINEAR LINEAR LINEAR LINEAR LINEAR LINEAR
LINEAR LINEAR LINEAR LINEAR LINEAR LINEAR LINEAR LINEAR LINEAR LINEAR LINEAR</Name_array><technique_common><accessor source="#mixamorig_Hips-Interpolations-array" count="22"><param type="name"/></accessor></technique_common></source><sampler id="mixamorig_Hips-Matrix-animation-transform"><input semantic="INPUT" source="#mixamorig_Hips-Matrix-animation-input"/><input semantic="OUTPUT" source="#mixamorig_Hips-Matrix-animation-output-transform"/><input semantic="INTERPOLATION" source="#mixamorig_Hips-Interpolations"/></sampler><channel source="#mixamorig_Hips-Matrix-animation-transform" target="mixamorig_Hips/matrix"/></animation>
    <animation id="mixamorig_Spine-anim" name="mixamorig_Spine"><source id="mixamorig_Spine-Matrix-animation-input"><float_array id="mixamorig_Spine-Matrix-animation-input-array" count="22">

0.000000 0.033333 0.066667 0.100000 0.133333 0.166667 0.200000 0.233333 0.266667 0.300000 0.333333 0.366667 0.400000 0.433333 0.466667 0.500000
0.533333 0.566667 0.600000 0.633333 0.666667 0.700000</float_array><technique_common><accessor source="#mixamorig_Spine-Matrix-animation-input-array" count="22"><param name="TIME" type="float"/></accessor></technique_common></source><source id="mixamorig_Spine-Matrix-animation-output-transform"><float_array id="mixamorig_Spine-Matrix-animation-output-transform-array" count="352">

0.977638 -0.056507 0.202559 0.003800 0.078385 0.991727 -0.101658 9.469100 -0.195139 0.115262 0.973979 -0.797400 0.000000 0.000000 0.000000 1.000000
0.964525 0.023848 0.262913 0.003800 -0.000569 0.996097 -0.088265 9.469100 -0.263992 0.084984 0.960774 -0.797400 0.000000 0.000000 0.000000 1.000000
0.953906 0.101736 0.282334 0.003800 -0.089468 0.994412 -0.056042 9.469100 -0.286458 0.028199 0.957678 -0.797400 0.000000 0.000000 0.000000 1.000000
0.954314 0.123510 0.272085 0.003800 -0.122550 0.992249 -0.020588 9.469100 -0.272519 -0.013697 0.962053 -0.797400 0.000000 0.000000 0.000000 1.000000
0.967160 0.086355 0.239050 0.003800 -0.092426 0.995617 0.014284 9.469100 -0.236769 -0.035909 0.970902 -0.797400 0.000000 0.000000 0.000000 1.000000
0.979032 0.063111 0.193683 0.003800 -0.066194 0.997762 0.009479 9.469100 -0.192651 -0.022101 0.981018 -0.797400 0.000000 0.000000 0.000000 1.000000
0.981788 0.084113 0.170345 0.003800 -0.081690 0.996432 -0.021192 9.469100 -0.171520 0.006890 0.985157 -0.797400 0.000000 0.000000 0.000000 1.000000
0.981376 0.115369 0.153592 0.003800 -0.109765 0.992961 -0.044507 9.469100 -0.157645 0.026819 0.987132 -0.797400 0.000000 0.000000 0.000000 1.000000
0.984056 0.147265 0.099736 0.003800 -0.140764 0.987608 -0.069391 9.469100 -0.108719 0.054246 0.992591 -0.797400 0.000000 0.000000 0.000000 1.000000
0.987262 0.158962 0.006649 0.003800 -0.157732 0.983386 -0.089848 9.469100 -0.020821 0.087655 0.995933 -0.797400 0.000000 0.000000 0.000000 1.000000
0.989786 0.099854 -0.101748 0.003800 -0.108648 0.990448 -0.084901 9.469100 0.092298 0.095088 0.991181 -0.797400 0.000000 0.000000 0.000000 1.000000
0.978829 0.025931 -0.203030 0.003800 -0.043006 0.995855 -0.080146 9.469100 0.200110 0.087181 0.975887 -0.797400 0.000000 0.000000 0.000000 1.000000
0.964684 -0.040024 -0.260353 0.003800 0.024834 0.997806 -0.061378 9.469100 0.262238 0.052745 0.963561 -0.797400 0.000000 0.000000 0.000000 1.000000
0.961269 -0.102122 -0.255995 0.003800 0.092163 0.994456 -0.050635 9.469100 0.259747 0.025081 0.965351 -0.797400 0.000000 0.000000 0.000000 1.000000
0.968425 -0.116072 -0.220637 0.003800 0.110281 0.993157 -0.038430 9.469100 0.223588 0.012884 0.974599 -0.797400 0.000000 0.000000 0.000000 1.000000
0.978304 -0.089300 -0.186938 0.003800 0.086719 0.995991 -0.021960 9.469100 0.188150 0.005272 0.982126 -0.797400 0.000000 0.000000 0.000000 1.000000
0.985220 -0.072296 -0.155292 0.003800 0.065726 0.996729 -0.047036 9.469100 0.158184 0.036134 0.986748 -0.797400 0.000000 0.000000 0.000000 1.000000
0.989170 -0.073868 -0.126829 0.003800 0.065304 0.995378 -0.070406 9.469100 0.131443 0.061361 0.989423 -0.797400 0.000000 0.000000 0.000000 1.000000
0.991633 -0.094197 -0.088265 0.003800 0.087442 0.993149 -0.077518 9.469100 0.094962 0.069151 0.993076 -0.797400 0.000000 0.000000 0.000000 1.000000
0.990243 -0.139090 -0.008485 0.003800 0.137747 0.986251 -0.091295 9.469100 0.021067 0.089235 0.995788 -0.797400 0.000000 0.000000 0.000000 1.000000
0.984046 -0.156306 0.084979 0.003800 0.163737 0.982489 -0.088912 9.469100 -0.069594 0.101408 0.992408 -0.797400 0.000000 0.000000 0.000000 1.000000
0.981953 -0.094639 0.163745 0.003800 0.110996 0.989385 -0.093795 9.469100 -0.153130 0.110277 0.982034 -0.797400 0.000000 0.000000 0.000000 1.000000</float_array><technique_common><accessor source="#mixamorig_Spine-Matrix-animation-output-transform-array" count="22" stride="16"><param type="float4x4"/></accessor></technique_common></source><source id="mixamorig_Spine-Interpolations"><Name_array id="mixamorig_Spine-Interpolations-array" count="22">
 LINEAR LINEAR LINEAR LINEAR LINEAR LINEAR LINEAR LINEAR LINEAR LINEAR LINEAR
LINEAR LINEAR LINEAR LINEAR LINEAR LINEAR LINEAR LINEAR LINEAR LINEAR LINEAR</Name_array><technique_common><accessor source="#mixamorig_Spine-Interpolations-array" count="22"><param type="name"/></accessor></technique_common></source><sampler id="mixamorig_Spine-Matrix-animation-transform"><input semantic="INPUT" source="#mixamorig_Spine-Matrix-animation-input"/><input semantic="OUTPUT" source="#mixamorig_Spine-Matrix-animation-output-transform"/><input semantic="INTERPOLATION" source="#mixamorig_Spine-Interpolations"/></sampler><channel source="#mixamorig_Spine-Matrix-animation-transform" target="mixamorig_Spine/matrix"/></animation>
    <animation id="mixamorig_Spine1-anim" name="mixamorig_Spine1"><source id="mixamorig_Spine1-Matrix-animation-input"><float_array id="mixamorig_Spine1-Matrix-animation-input-array" count="22">

0.000000 0.033333 0.066667 0.100000 0.133333 0.166667 0.200000 0.233333 0.266667 0.300000 0.333333 0.366667 0.400000 0.433333 0.466667 0.500000
0.533333 0.566667 0.600000 0.633333 0.666667 0.700000</float_array><technique_common><accessor source="#mixamorig_Spine1-Matrix-animation-input-array" count="22"><param name="TIME" type="float"/></accessor></technique_common></source><source id="mixamorig_Spine1-Matrix-animation-output-transform"><float_array id="mixamorig_Spine1-Matrix-animation-output-transform-array" count="352">

0.998505 -0.022397 0.049851 -0.000000 0.021683 0.999655 0.014812 10.885900 -0.050166 -0.013709 0.998647 -0.000000 0.000000 0.000000 0.000000 1.000000
0.997442 -0.014167 0.070065 -0.000000 0.012823 0.999726 0.019603 10.885900 -0.070323 -0.018655 0.997350 0.000000 0.000000 0.000000 0.000000 1.000000
0.996854 -0.003245 0.079193 0.000000 0.001411 0.999730 0.023201 10.885900 -0.079246 -0.023016 0.996589 0.000000 0.000000 0.000000 0.000000 1.000000
0.996917 0.006212 0.078221 -0.000000 -0.008157 0.999665 0.024572 10.885900 -0.078042 -0.025135 0.996633 0.000000 0.000000 0.000000 0.000000 1.000000
0.997635 0.007229 0.068351 0.000000 -0.008994 0.999633 0.025541 10.885900 -0.068142 -0.026096 0.997334 0.000000 0.000000 0.000000 0.000000 1.000000
0.998479 0.005176 0.054885 0.000000 -0.006300 0.999774 0.020313 10.885900 -0.054768 -0.020627 0.998286 -0.000000 0.000000 0.000000 0.000000 1.000000
0.998810 0.007880 0.048128 0.000000 -0.008268 0.999935 0.007853 10.885900 -0.048063 -0.008242 0.998810 0.000000 0.000000 0.000000 0.000000 1.000000
0.998936 0.013970 0.043962 0.000000 -0.014052 0.999900 0.001545 10.885900 -0.043936 -0.002161 0.999032 -0.000000 0.000000 0.000000 0.000000 1.000000
0.999272 0.021863 0.031273 0.000000 -0.021914 0.999759 0.001290 10.885900 -0.031237 -0.001974 0.999510 0.000000 0.000000 0.000000 0.000000 1.000000
0.999583 0.027537 0.008712 0.000000 -0.027569 0.999613 0.003605 10.885900 -0.008609 -0.003844 0.999956 -0.000000 0.000000 0.000000 0.000000 1.000000
0.999506 0.022477 -0.021974 -0.000000 -0.022304 0.999718 0.008093 10.885900 0.022149 -0.007599 0.999726 0.000000 0.000000 0.000000 0.000000 1.000000
0.998517 0.015497 -0.052185 0.000000 -0.014804 0.999797 0.013646 10.885900 0.052386 -0.012853 0.998544 0.000000 0.000000 0.000000 0.000000 1.000000
0.997467 0.010650 -0.070327 -0.000000 -0.009196 0.999738 0.020969 10.885900 0.070532 -0.020269 0.997304 0.000000 0.000000 0.000000 0.000000 1.000000
0.997421 0.003598 -0.071689 0.000000 -0.002132 0.999787 0.020514 10.885900 0.071748 -0.020309 0.997216 0.000000 0.000000 0.000000 0.000000 1.000000
0.998029 -0.001594 -0.062733 0.000000 0.002650 0.999856 0.016741 10.885900 0.062698 -0.016874 0.997890 0.000000 0.000000 0.000000 0.000000 1.000000
0.998590 -0.001639 -0.053066 0.000000 0.002344 0.999910 0.013229 10.885900 0.053039 -0.013335 0.998503 0.000000 0.000000 0.000000 0.000000 1.000000
0.999040 -0.000354 -0.043805 0.000000 0.000752 0.999959 0.009069 10.885900 0.043800 -0.009093 0.998999 -0.000000 0.000000 0.000000 0.000000 1.000000
0.999359 -0.002262 -0.035720 0.000000 0.002328 0.999996 0.001810 10.885900 0.035716 -0.001892 0.999360 0.000000 0.000000 0.000000 0.000000 1.000000
0.999647 -0.007508 -0.025474 -0.000000 0.007442 0.999969 -0.002657 10.885900 0.025493 0.002466 0.999672 -0.000000 0.000000 0.000000 0.000000 1.000000
0.999791 -0.019284 -0.006784 0.000000 0.019283 0.999814 -0.000237 10.885900 0.006787 0.000106 0.999977 0.000000 0.000000 0.000000 0.000000 1.000000
0.999425 -0.030547 0.014721 0.000000 0.030429 0.999503 0.008198 10.885900 -0.014964 -0.007745 0.999858 0.000000 0.000000 0.000000 0.000000 1.000000
0.998943 -0.026641 0.037463 0.000000 0.026152 0.999567 0.013484 10.885900 -0.037806 -0.012490 0.999207 0.000000 0.000000 0.000000 0.000000 1.000000</float_array><technique_common><accessor source="#mixamorig_Spine1-Matrix-animation-output-transform-array" count="22" stride="16"><param type="float4x4"/></accessor></technique_common></source><source id="mixamorig_Spine1-Interpolations"><Name_array id="mixamorig_Spine1-Interpolations-array" count="22">
 LINEAR LINEAR LINEAR LINEAR LINEAR LINEAR LINEAR LINEAR LINEAR LINEAR LINEAR
LINEAR LINEAR LINEAR LINEAR LINEAR LINEAR LINEAR LINEAR LINEAR LINEAR LINEAR</Name_array><technique_common><accessor source="#mixamorig_Spine1-Interpolations-array" count="22"><param type="name"/></accessor></technique_common></source><sampler id="mixamorig_Spine1-Matrix-animation-transform"><input semantic="INPUT" source="#mixamorig_Spine1-Matrix-animation-input"/><input semantic="OUTPUT" source="#mixamorig_Spine1-Matrix-animation-output-transform"/><input semantic="INTERPOLATION" source="#mixamorig_Spine1-Interpolations"/></sampler><channel source="#mixamorig_Spine1-Matrix-animation-transform" target="mixamorig_Spine1/matrix"/></animation>
    <animation id="mixamorig_Spine2-anim" name="mixamorig_Spine2"><source id="mixamorig_Spine2-Matrix-animation-input"><float_array id="mixamorig_Spine2-Matrix-animation-input-array" count="22">

0.000000 0.033333 0.066667 0.100000 0.133333 0.166667 0.200000 0.233333 0.266667 0.300000 0.333333 0.366667 0.400000 0.433333 0.466667 0.500000
0.533333 0.566667 0.600000 0.633333 0.666667 0.700000</float_array><technique_common><accessor source="#mixamorig_Spine2-Matrix-animation-input-array" count="22"><param name="TIME" type="float"/></accessor></technique_common></source><source id="mixamorig_Spine2-Matrix-animation-output-transform"><float_array id="mixamorig_Spine2-Matrix-animation-output-transform-array" count="352">

0.998552 -0.021664 0.049236 0.000000 0.022673 0.999542 -0.020024 12.834400 -0.048779 0.021111 0.998586 0.000000 0.000000 0.000000 0.000000 1.000000
0.997472 -0.013528 0.069767 0.000000 0.014607 0.999781 -0.014980 12.834400 -0.069549 0.015962 0.997451 0.000000 0.000000 0.000000 0.000000 1.000000
0.996849 -0.002830 0.079266 -0.000000 0.003703 0.999934 -0.010868 12.834400 -0.079230 0.011127 0.996794 -0.000000 0.000000 0.000000 0.000000 1.000000
0.996893 0.006670 0.078482 0.000000 -0.005974 0.999941 -0.009104 12.834400 -0.078538 0.008607 0.996874 0.000000 0.000000 0.000000 0.000000 1.000000
0.997617 0.007675 0.068572 -0.000000 -0.007129 0.999941 -0.008201 12.834400 -0.068631 0.007693 0.997612 -0.000000 0.000000 0.000000 0.000000 1.000000
0.998469 0.005823 0.055008 0.000000 -0.005079 0.999894 -0.013665 12.834400 -0.055082 0.013365 0.998392 0.000000 0.000000 0.000000 0.000000 1.000000
0.998802 0.008897 0.048125 0.000000 -0.007644 0.999629 -0.026144 12.834400 -0.048340 0.025745 0.998499 0.000000 0.000000 0.000000 0.000000 1.000000
0.998920 0.015105 0.043949 0.000000 -0.013690 0.999384 -0.032320 12.834400 -0.044410 0.031684 0.998511 -0.000000 0.000000 0.000000 0.000000 1.000000
0.999244 0.022768 0.031503 -0.000000 -0.021742 0.999235 -0.032522 12.834400 -0.032219 0.031812 0.998974 0.000000 0.000000 0.000000 0.000000 1.000000
0.999563 0.028068 0.009283 -0.000000 -0.027773 0.999149 -0.030511 12.834400 -0.010132 0.030240 0.999491 0.000000 0.000000 0.000000 0.000000 1.000000
0.999514 0.022671 -0.021402 0.000000 -0.023235 0.999379 -0.026484 12.834400 0.020788 0.026968 0.999420 0.000000 0.000000 0.000000 0.000000 1.000000
0.998536 0.015635 -0.051785 0.000000 -0.016741 0.999639 -0.020996 12.834400 0.051438 0.021832 0.998438 0.000000 0.000000 0.000000 0.000000 1.000000
0.997478 0.011170 -0.070099 0.000000 -0.012142 0.999836 -0.013465 12.834400 0.069937 0.014282 0.997449 -0.000000 0.000000 0.000000 0.000000 1.000000
0.997420 0.004236 -0.071661 -0.000000 -0.005227 0.999893 -0.013645 12.834400 0.071596 0.013985 0.997336 -0.000000 0.000000 0.000000 0.000000 1.000000
0.998033 -0.001321 -0.062681 0.000000 0.000234 0.999849 -0.017358 12.834400 0.062695 0.017309 0.997883 -0.000000 0.000000 0.000000 0.000000 1.000000
0.998595 -0.001284 -0.052983 0.000000 0.000176 0.999781 -0.020919 12.834400 0.052998 0.020880 0.998376 0.000000 0.000000 0.000000 0.000000 1.000000
0.999045 -0.000050 -0.043690 -0.000000 -0.001050 0.999683 -0.025141 12.834400 0.043678 0.025163 0.998729 0.000000 0.000000 0.000000 0.000000 1.000000
0.999364 -0.002057 -0.035594 0.000000 0.000904 0.999475 -0.032379 12.834400 0.035642 0.032326 0.998842 0.000000 0.000000 0.000000 0.000000 1.000000
0.999652 -0.007240 -0.025375 0.000000 0.006304 0.999303 -0.036782 12.834400 0.025624 0.036610 0.999001 -0.000000 0.000000 0.000000 0.000000 1.000000
0.999801 -0.018704 -0.006999 0.000000 0.018453 0.999238 -0.034389 12.834400 0.007637 0.034253 0.999384 0.000000 0.000000 0.000000 0.000000 1.000000
0.999460 -0.029772 0.013939 0.000000 0.030131 0.999199 -0.026325 12.834400 -0.013144 0.026731 0.999556 -0.000000 0.000000 0.000000 0.000000 1.000000
0.998992 -0.025874 0.036679 0.000000 0.026668 0.999416 -0.021350 12.834400 -0.036105 0.022307 0.999099 0.000000 0.000000 0.000000 0.000000 1.000000</float_array><technique_common><accessor source="#mixamorig_Spine2-Matrix-animation-output-transform-array" count="22" stride="16"><param type="float4x4"/></accessor></technique_common></source><source id="mixamorig_Spine2-Interpolations"><Name_array id="mixamorig_Spine2-Interpolations-array" count="22">
 LINEAR LINEAR LINEAR LINEAR LINEAR LINEAR LINEAR LINEAR LINEAR LINEAR LINEAR
LINEAR LINEAR LINEAR LINEAR LINEAR LINEAR LINEAR LINEAR LINEAR LINEAR LINEAR</Name_array><technique_common><accessor source="#mixamorig_Spine2-Interpolations-array" count="22"><param type="name"/></accessor></technique_common></source><sampler id="mixamorig_Spine2-Matrix-animation-transform"><input semantic="INPUT" source="#mixamorig_Spine2-Matrix-animation-input"/><input semantic="OUTPUT" source="#mixamorig_Spine2-Matrix-animation-output-transform"/><input semantic="INTERPOLATION" source="#mixamorig_Spine2-Interpolations"/></sampler><channel source="#mixamorig_Spine2-Matrix-animation-transform" target="mixamorig_Spine2/matrix"/></animation>
    <animation id="mixamorig_Neck-anim" name="mixamorig_Neck"><source id="mixamorig_Neck-Matrix-animation-input"><float_array id="mixamorig_Neck-Matrix-animation-input-array" count="22">

0.000000 0.033333 0.066667 0.100000 0.133333 0.166667 0.200000 0.233333 0.266667 0.300000 0.333333 0.366667 0.400000 0.433333 0.466667 0.500000
0.533333 0.566667 0.600000 0.633333 0.666667 0.700000</float_array><technique_common><accessor source="#mixamorig_Neck-Matrix-animation-input-array" count="22"><param name="TIME" type="float"/></accessor></technique_common></source><source id="mixamorig_Neck-Matrix-animation-output-transform"><float_array id="mixamorig_Neck-Matrix-animation-output-transform-array" count="352">

0.999269 -0.023744 -0.029976 -0.003900 0.022004 0.998127 -0.057090 14.257600 0.031275 0.056389 0.997919 2.618200 0.000000 0.000000 0.000000 1.000000
0.999032 -0.012308 -0.042241 -0.003900 0.009978 0.998439 -0.054952 14.257600 0.042852 0.054478 0.997595 2.618200 0.000000 0.000000 0.000000 1.000000
0.998698 0.000678 -0.051005 -0.003900 -0.003455 0.998514 -0.054378 14.257600 0.050893 0.054484 0.997217 2.618200 0.000000 0.000000 0.000000 1.000000
0.998273 0.003211 -0.058649 -0.003900 -0.006604 0.998309 -0.057747 14.257600 0.058365 0.058034 0.996607 2.618200 0.000000 0.000000 0.000000 1.000000
0.998034 -0.001637 -0.062655 -0.003900 -0.002463 0.997863 -0.065301 14.257600 0.062628 0.065327 0.995897 2.618200 0.000000 0.000000 0.000000 1.000000
0.998152 -0.005032 -0.060564 -0.003900 0.000552 0.997275 -0.073773 14.257600 0.060770 0.073604 0.995434 2.618200 0.000000 0.000000 0.000000 1.000000
0.998257 -0.008003 -0.058477 -0.003900 0.003280 0.996756 -0.080419 14.257600 0.058931 0.080087 0.995044 2.618200 0.000000 0.000000 0.000000 1.000000
0.998377 -0.010862 -0.055911 -0.003900 0.006101 0.996394 -0.084626 14.257600 0.056629 0.084148 0.994843 2.618200 0.000000 0.000000 0.000000 1.000000
0.998689 -0.009949 -0.050213 -0.003900 0.005689 0.996426 -0.084277 14.257600 0.050872 0.083881 0.995176 2.618200 0.000000 0.000000 0.000000 1.000000
0.998966 -0.010777 -0.044169 -0.003900 0.007409 0.997102 -0.075712 14.257600 0.044857 0.075306 0.996151 2.618200 0.000000 0.000000 0.000000 1.000000
0.999262 -0.015293 -0.035235 -0.003900 0.012745 0.997362 -0.071456 14.257600 0.036234 0.070954 0.996821 2.618200 0.000000 0.000000 0.000000 1.000000
0.999524 -0.021975 -0.021632 -0.003900 0.020367 0.997199 -0.071965 14.257600 0.023152 0.071490 0.997173 2.618200 0.000000 0.000000 0.000000 1.000000
0.999439 -0.031988 -0.009900 -0.003900 0.031166 0.996747 -0.074323 14.257600 0.012245 0.073972 0.997185 2.618200 0.000000 0.000000 0.000000 1.000000
0.999143 -0.041269 -0.003193 -0.003900 0.040900 0.996179 -0.077170 14.257600 0.006365 0.076974 0.997013 2.618200 0.000000 0.000000 0.000000 1.000000
0.999051 -0.043538 0.000778 -0.003900 0.043472 0.996203 -0.075430 14.257600 0.002509 0.075392 0.997151 2.618200 0.000000 0.000000 0.000000 1.000000
0.999225 -0.039255 0.002975 -0.003900 0.039367 0.996445 -0.074480 14.257600 -0.000041 0.074539 0.997218 2.618200 0.000000 0.000000 0.000000 1.000000
0.999468 -0.032545 0.001970 -0.003900 0.032599 0.996376 -0.078559 14.257600 0.000594 0.078581 0.996908 2.618200 0.000000 0.000000 0.000000 1.000000
0.999688 -0.024963 -0.000349 -0.003900 0.024852 0.996388 -0.081198 14.257600 0.002375 0.081164 0.996698 2.618200 0.000000 0.000000 0.000000 1.000000
0.999746 -0.022156 -0.004187 -0.003900 0.021760 0.996684 -0.078401 14.257600 0.005910 0.078290 0.996913 2.618200 0.000000 0.000000 0.000000 1.000000
0.999666 -0.023601 -0.010530 -0.003900 0.022782 0.997139 -0.072075 14.257600 0.012201 0.071811 0.997344 2.618200 0.000000 0.000000 0.000000 1.000000
0.999631 -0.022544 -0.015148 -0.003900 0.021511 0.997640 -0.065208 14.257600 0.016582 0.064858 0.997757 2.618200 0.000000 0.000000 0.000000 1.000000
0.999416 -0.024756 -0.023541 -0.003900 0.023316 0.997952 -0.059570 14.257600 0.024967 0.058987 0.997947 2.618200 0.000000 0.000000 0.000000 1.000000</float_array><technique_common><accessor source="#mixamorig_Neck-Matrix-animation-output-transform-array" count="22" stride="16"><param type="float4x4"/></accessor></technique_common></source><source id="mixamorig_Neck-Interpolations"><Name_array id="mixamorig_Neck-Interpolations-array" count="22">
 LINEAR LINEAR LINEAR LINEAR LINEAR LINEAR LINEAR LINEAR LINEAR LINEAR LINEAR
LINEAR LINEAR LINEAR LINEAR LINEAR LINEAR LINEAR LINEAR LINEAR LINEAR LINEAR</Name_array><technique_common><accessor source="#mixamorig_Neck-Interpolations-array" count="22"><param type="name"/></accessor></technique_common></source><sampler id="mixamorig_Neck-Matrix-animation-transform"><input semantic="INPUT" source="#mixamorig_Neck-Matrix-animation-input"/><input semantic="OUTPUT" source="#mixamorig_Neck-Matrix-animation-output-transform"/><input semantic="INTERPOLATION" source="#mixamorig_Neck-Interpolations"/></sampler><channel source="#mixamorig_Neck-Matrix-animation-transform" target="mixamorig_Neck/matrix"/></animation>
    <animation id="mixamorig_Head-anim" name="mixamorig_Head"><source id="mixamorig_Head-Matrix-animation-input"><float_array id="mixamorig_Head-Matrix-animation-input-array" count="22">

0.000000 0.033333 0.066667 0.100000 0.133333 0.166667 0.200000 0.233333 0.266667 0.300000 0.333333 0.366667 0.400000 0.433333 0.466667 0.500000
0.533333 0.566667 0.600000 0.633333 0.666667 0.700000</float_array><technique_common><accessor source="#mixamorig_Head-Matrix-animation-input-array" count="22"><param name="TIME" type="float"/></accessor></technique_common></source><source id="mixamorig_Head-Matrix-animation-output-transform"><float_array id="mixamorig_Head-Matrix-animation-output-transform-array" count="352">

0.994802 0.066506 0.077110 -0.000500 -0.092577 0.906072 0.412871 10.387000 -0.042409 -0.417863 0.907520 1.832200 0.000000 0.000000 0.000000 1.000000
0.995147 0.070747 -0.068387 -0.000500 -0.037781 0.916471 0.398313 10.387000 0.090854 -0.393797 0.914697 1.832200 0.000000 0.000000 0.000000 1.000000
0.976189 0.058441 -0.208900 -0.000500 0.017720 0.938323 0.345305 10.387000 0.216196 -0.340785 0.914945 1.832200 0.000000 0.000000 0.000000 1.000000
0.952363 0.035434 -0.302902 -0.000500 0.066641 0.945043 0.320082 10.387000 0.297597 -0.325020 0.897662 1.832200 0.000000 0.000000 0.000000 1.000000
0.941263 0.011252 -0.337488 -0.000500 0.098631 0.946699 0.306647 10.387000 0.322950 -0.321922 0.889983 1.832200 0.000000 0.000000 0.000000 1.000000
0.943652 -0.016847 -0.330510 -0.000500 0.124181 0.943753 0.306448 10.387000 0.306757 -0.330223 0.892666 1.832200 0.000000 0.000000 0.000000 1.000000
0.944871 -0.040366 -0.324945 -0.000500 0.155327 0.928868 0.336271 10.387000 0.288257 -0.368206 0.883930 1.832200 0.000000 0.000000 0.000000 1.000000
0.947355 -0.074386 -0.311424 -0.000500 0.188879 0.915212 0.355967 10.387000 0.258540 -0.396048 0.881080 1.832200 0.000000 0.000000 0.000000 1.000000
0.950339 -0.117610 -0.288138 -0.000500 0.224193 0.900864 0.371727 10.387000 0.215854 -0.417865 0.882494 1.832200 0.000000 0.000000 0.000000 1.000000
0.952369 -0.150377 -0.265291 -0.000500 0.247724 0.888844 0.385472 10.387000 0.177836 -0.432831 0.883760 1.832200 0.000000 0.000000 0.000000 1.000000
0.965444 -0.163018 -0.203330 -0.000500 0.233547 0.887404 0.397455 10.387000 0.115643 -0.431207 0.894811 1.832200 0.000000 0.000000 0.000000 1.000000
0.980468 -0.177533 -0.084643 -0.000500 0.196662 0.890551 0.410175 10.387000 0.002559 -0.418809 0.908071 1.832200 0.000000 0.000000 0.000000 1.000000
0.981970 -0.180314 0.056761 -0.000500 0.146236 0.914858 0.376364 10.387000 -0.119792 -0.361278 0.924732 1.832200 0.000000 0.000000 0.000000 1.000000
0.970060 -0.164554 0.178619 -0.000500 0.095434 0.934585 0.342700 10.387000 -0.223327 -0.315394 0.922308 1.832200 0.000000 0.000000 0.000000 1.000000
0.956315 -0.151160 0.250224 -0.000500 0.056613 0.935498 0.348767 10.387000 -0.286804 -0.319365 0.903189 1.832200 0.000000 0.000000 0.000000 1.000000
0.953230 -0.124639 0.275350 -0.000500 0.019073 0.934003 0.356756 10.387000 -0.301643 -0.334819 0.892697 1.832200 0.000000 0.000000 0.000000 1.000000
0.960543 -0.088714 0.263604 -0.000500 -0.015576 0.929122 0.369446 10.387000 -0.277695 -0.358975 0.891079 1.832200 0.000000 0.000000 0.000000 1.000000
0.969572 -0.064998 0.236021 -0.000500 -0.034539 0.918144 0.394738 10.387000 -0.242358 -0.390878 0.887962 1.832200 0.000000 0.000000 0.000000 1.000000
0.976089 -0.039471 0.213756 -0.000500 -0.052301 0.911839 0.407203 10.387000 -0.210984 -0.408646 0.887972 1.832200 0.000000 0.000000 0.000000 1.000000
0.980187 0.010076 0.197818 -0.000500 -0.094682 0.901050 0.423254 10.387000 -0.173979 -0.433598 0.884151 1.832200 0.000000 0.000000 0.000000 1.000000
0.980630 0.055258 0.187912 -0.000500 -0.132527 0.893615 0.428822 10.387000 -0.144225 -0.445419 0.883629 1.832200 0.000000 0.000000 0.000000 1.000000
0.989056 0.065095 0.132402 -0.000500 -0.115445 0.900254 0.419780 10.387000 -0.091869 -0.430472 0.897917 1.832200 0.000000 0.000000 0.000000 1.000000</float_array><technique_common><accessor source="#mixamorig_Head-Matrix-animation-output-transform-array" count="22" stride="16"><param type="float4x4"/></accessor></technique_common></source><source id="mixamorig_Head-Interpolations"><Name_array id="mixamorig_Head-Interpolations-array" count="22">
 LINEAR LINEAR LINEAR LINEAR LINEAR LINEAR LINEAR LINEAR LINEAR LINEAR LINEAR
LINEAR LINEAR LINEAR LINEAR LINEAR LINEAR LINEAR LINEAR LINEAR LINEAR LINEAR</Name_array><technique_common><accessor source="#mixamorig_Head-Interpolations-array" count="22"><param type="name"/></accessor></technique_common></source><sampler id="mixamorig_Head-Matrix-animation-transform"><input semantic="INPUT" source="#mixamorig_Head-Matrix-animation-input"/><input semantic="OUTPUT" source="#mixamorig_Head-Matrix-animation-output-transform"/><input semantic="INTERPOLATION" source="#mixamorig_Head-Interpolations"/></sampler><channel source="#mixamorig_Head-Matrix-animation-transform" target="mixamorig_Head/matrix"/></animation>
    <animation id="mixamorig_LeftShoulder-anim" name="mixamorig_LeftShoulder"><source id="mixamorig_LeftShoulder-Matrix-animation-input"><float_array id="mixamorig_LeftShoulder-Matrix-animation-input-array" count="22">

0.000000 0.033333 0.066667 0.100000 0.133333 0.166667 0.200000 0.233333 0.266667 0.300000 0.333333 0.366667 0.400000 0.433333 0.466667 0.500000
0.533333 0.566667 0.600000 0.633333 0.666667 0.700000</float_array><technique_common><accessor source="#mixamorig_LeftShoulder-Matrix-animation-input-array" count="22"><param name="TIME" type="float"/></accessor></technique_common></source><source id="mixamorig_LeftShoulder-Matrix-animation-output-transform"><float_array id="mixamorig_LeftShoulder-Matrix-animation-output-transform-array" count="352">

-0.253587 0.935808 -0.244863 5.443200 0.393173 -0.131568 -0.910003 8.452300 -0.883804 -0.327038 -0.334570 1.674300 0.000000 0.000000 0.000000 1.000000
-0.267087 0.940045 -0.212084 5.443200 0.383918 -0.098064 -0.918145 8.452300 -0.883896 -0.326647 -0.334708 1.674300 0.000000 0.000000 0.000000 1.000000
-0.218792 0.957884 -0.185982 5.443200 0.381875 -0.091342 -0.919689 8.452300 -0.897943 -0.272242 -0.345807 1.674300 0.000000 0.000000 0.000000 1.000000
-0.191254 0.965208 -0.178313 5.443200 0.382434 -0.094033 -0.919186 8.452300 -0.903973 -0.243991 -0.351144 1.674300 0.000000 0.000000 0.000000 1.000000
-0.188820 0.962907 -0.192762 5.443200 0.385703 -0.107799 -0.916304 8.452300 -0.903095 -0.247366 -0.351041 1.674300 0.000000 0.000000 0.000000 1.000000
-0.187539 0.953966 -0.234046 5.443200 0.394604 -0.145030 -0.907333 8.452300 -0.899509 -0.262516 -0.349240 1.674300 0.000000 0.000000 0.000000 1.000000
-0.164903 0.946012 -0.279050 5.443200 0.404870 -0.193062 -0.893760 8.452300 -0.899382 -0.260363 -0.351175 1.674300 0.000000 0.000000 0.000000 1.000000
-0.139616 0.938268 -0.316481 5.443200 0.412625 -0.235413 -0.879956 8.452300 -0.900138 -0.253444 -0.354285 1.674300 0.000000 0.000000 0.000000 1.000000
-0.110999 0.926303 -0.360059 5.443200 0.420357 -0.284534 -0.861592 8.452300 -0.900544 -0.246989 -0.357795 1.674300 0.000000 0.000000 0.000000 1.000000
-0.063923 0.933224 -0.353562 5.443200 0.417205 -0.296850 -0.858964 8.452300 -0.906561 -0.202416 -0.370371 1.674300 0.000000 0.000000 0.000000 1.000000
-0.029443 0.957012 -0.288549 5.443200 0.405815 -0.252368 -0.878422 8.452300 -0.913481 -0.142961 -0.380940 1.674300 0.000000 0.000000 0.000000 1.000000
-0.045546 0.971127 -0.234175 5.443200 0.398020 -0.197366 -0.895894 8.452300 -0.916245 -0.134011 -0.377539 1.674300 0.000000 0.000000 0.000000 1.000000
-0.091205 0.975834 -0.198571 5.443200 0.391569 -0.148198 -0.908136 8.452300 -0.915618 -0.160580 -0.368590 1.674300 0.000000 0.000000 0.000000 1.000000
-0.144935 0.972510 -0.182259 5.443200 0.386189 -0.113992 -0.915349 8.452300 -0.910962 -0.203052 -0.359051 1.674300 0.000000 0.000000 0.000000 1.000000
-0.189707 0.962351 -0.194657 5.443200 0.385896 -0.109221 -0.916054 8.452300 -0.902826 -0.248899 -0.350647 1.674300 0.000000 0.000000 0.000000 1.000000
-0.185799 0.958788 -0.214951 5.443200 0.390382 -0.128724 -0.911610 8.452300 -0.901710 -0.253289 -0.350377 1.674300 0.000000 0.000000 0.000000 1.000000
-0.142541 0.963414 -0.226971 5.443200 0.394656 -0.154975 -0.905665 8.452300 -0.907705 -0.218670 -0.358127 1.674300 0.000000 0.000000 0.000000 1.000000
-0.125234 0.959853 -0.250995 5.443200 0.399478 -0.182788 -0.898335 8.452300 -0.908149 -0.212769 -0.360549 1.674300 0.000000 0.000000 0.000000 1.000000
-0.151073 0.946972 -0.283585 5.443200 0.405206 -0.202345 -0.891552 8.452300 -0.901657 -0.249599 -0.353150 1.674300 0.000000 0.000000 0.000000 1.000000
-0.176274 0.941348 -0.287736 5.443200 0.405670 -0.196861 -0.892568 8.452300 -0.896861 -0.274063 -0.347175 1.674300 0.000000 0.000000 0.000000 1.000000
-0.204397 0.940222 -0.272405 5.443200 0.401731 -0.173196 -0.899231 8.452300 -0.892656 -0.293234 -0.342315 1.674300 0.000000 0.000000 0.000000 1.000000
-0.243556 0.935311 -0.256657 5.443200 0.396536 -0.145471 -0.906420 8.452300 -0.885121 -0.322538 -0.335454 1.674300 0.000000 0.000000 0.000000 1.000000</float_array><technique_common><accessor source="#mixamorig_LeftShoulder-Matrix-animation-output-transform-array" count="22" stride="16"><param type="float4x4"/></accessor></technique_common></source><source id="mixamorig_LeftShoulder-Interpolations"><Name_array id="mixamorig_LeftShoulder-Interpolations-array" count="22">
 LINEAR LINEAR LINEAR LINEAR LINEAR LINEAR LINEAR LINEAR LINEAR LINEAR LINEAR
LINEAR LINEAR LINEAR LINEAR LINEAR LINEAR LINEAR LINEAR LINEAR LINEAR LINEAR</Name_array><technique_common><accessor source="#mixamorig_LeftShoulder-Interpolations-array" count="22"><param type="name"/></accessor></technique_common></source><sampler id="mixamorig_LeftShoulder-Matrix-animation-transform"><input semantic="INPUT" source="#mixamorig_LeftShoulder-Matrix-animation-input"/><input semantic="OUTPUT" source="#mixamorig_LeftShoulder-Matrix-animation-output-transform"/><input semantic="INTERPOLATION" source="#mixamorig_LeftShoulder-Interpolations"/></sampler><channel source="#mixamorig_LeftShoulder-Matrix-animation-transform" target="mixamorig_LeftShoulder/matrix"/></animation>
    <animation id="mixamorig_LeftArm-anim" name="mixamorig_LeftArm"><source id="mixamorig_LeftArm-Matrix-animation-input"><float_array id="mixamorig_LeftArm-Matrix-animation-input-array" count="22">

0.000000 0.033333 0.066667 0.100000 0.133333 0.166667 0.200000 0.233333 0.266667 0.300000 0.333333 0.366667 0.400000 0.433333 0.466667 0.500000
0.533333 0.566667 0.600000 0.633333 0.666667 0.700000</float_array><technique_common><accessor source="#mixamorig_LeftArm-Matrix-animation-input-array" count="22"><param name="TIME" type="float"/></accessor></technique_common></source><source id="mixamorig_LeftArm-Matrix-animation-output-transform"><float_array id="mixamorig_LeftArm-Matrix-animation-output-transform-array" count="352">

0.771631 0.545232 0.327580 0.000000 0.022915 0.490842 -0.870947 11.801100 -0.635658 0.679556 0.366255 0.000000 0.000000 0.000000 0.000000 1.000000
0.664602 0.668221 0.334342 0.000000 -0.106024 0.527271 -0.843057 11.801100 -0.739637 0.524849 0.421273 0.000000 0.000000 0.000000 0.000000 1.000000
0.575102 0.741542 0.345504 0.000000 -0.240662 0.557000 -0.794879 11.801100 -0.781882 0.373987 0.498792 0.000000 0.000000 0.000000 0.000000 1.000000
0.531016 0.745643 0.402540 0.000000 -0.284216 0.604260 -0.744372 11.801100 -0.798275 0.280865 0.532796 0.000000 0.000000 0.000000 0.000000 1.000000
0.560643 0.703994 0.435972 -0.000000 -0.236331 0.640638 -0.730568 11.801100 -0.793616 0.306554 0.525545 -0.000000 0.000000 0.000000 0.000000 1.000000
0.644160 0.624939 0.441032 0.000000 -0.147644 0.667340 -0.729971 11.801100 -0.750506 0.405103 0.522143 0.000000 0.000000 0.000000 0.000000 1.000000
0.772670 0.450557 0.447190 0.000000 -0.009348 0.712449 -0.701661 11.801100 -0.634739 0.537972 0.554700 0.000000 0.000000 0.000000 0.000000 1.000000
0.877690 0.149610 0.455277 0.000000 0.208778 0.735754 -0.644265 11.801100 -0.431360 0.660517 0.614529 0.000000 0.000000 0.000000 0.000000 1.000000
0.871934 -0.210252 0.442183 0.000000 0.447197 0.709705 -0.544365 11.801100 -0.199366 0.672393 0.712840 0.000000 0.000000 0.000000 0.000000 1.000000
0.772897 -0.524692 0.356831 0.000000 0.634385 0.626889 -0.452289 11.801100 0.013619 0.575941 0.817377 0.000000 0.000000 0.000000 0.000000 1.000000
0.674042 -0.708387 0.209416 -0.000000 0.712708 0.549119 -0.436481 11.801100 0.194203 0.443459 0.875002 0.000000 0.000000 0.000000 0.000000 1.000000
0.650604 -0.756756 0.063526 -0.000000 0.697599 0.562490 -0.443802 11.801100 0.300117 0.333055 0.893871 0.000000 0.000000 0.000000 0.000000 1.000000
0.693350 -0.718458 -0.055534 -0.000000 0.618391 0.632801 -0.466000 11.801100 0.369944 0.288759 0.883040 -0.000000 0.000000 0.000000 0.000000 1.000000
0.741088 -0.659165 -0.127633 -0.000000 0.538375 0.696998 -0.473652 11.801100 0.401175 0.282303 0.871415 0.000000 0.000000 0.000000 0.000000 1.000000
0.775873 -0.619515 -0.119260 0.000000 0.507675 0.725313 -0.464959 11.801100 0.374550 0.300203 0.877263 0.000000 0.000000 0.000000 0.000000 1.000000
0.823296 -0.566929 -0.027842 0.000000 0.487796 0.731756 -0.476013 11.801100 0.290239 0.378318 0.878997 0.000000 0.000000 0.000000 0.000000 1.000000
0.877053 -0.470283 0.098040 -0.000000 0.446579 0.722947 -0.527177 11.801100 0.177044 0.506145 0.844081 0.000000 0.000000 0.000000 0.000000 1.000000
0.910513 -0.323907 0.257002 0.000000 0.413356 0.697807 -0.584980 11.801100 0.010141 0.638866 0.769251 0.000000 0.000000 0.000000 0.000000 1.000000
0.901751 -0.160923 0.401185 0.000000 0.403123 0.648047 -0.646163 11.801100 -0.156004 0.744405 0.649249 0.000000 0.000000 0.000000 0.000000 1.000000
0.899965 0.007157 0.435903 -0.000000 0.362493 0.543198 -0.757321 11.801100 -0.242202 0.839574 0.486265 0.000000 0.000000 0.000000 0.000000 1.000000
0.905273 0.227138 0.359011 -0.000000 0.227252 0.455092 -0.860958 11.801100 -0.358940 0.860987 0.360365 0.000000 0.000000 0.000000 0.000000 1.000000
