<?xml version="1.0" encoding="utf-8"?>
<COLLADA xmlns="http://www.collada.org/2005/11/COLLADASchema" version="1.4.1">
  <asset><contributor><author>Mixamo</author><authoring_tool>COLLADA Mixamo exporter</authoring_tool><comments></comments></contributor><created>2015-09-12T17:58:47Z</created><modified>2015-09-12T17:58:47Z</modified><revision></revision><title></title><unit meter="0.010000"/><up_axis>Y_UP</up_axis></asset>
  <library_animations>
    <animation id="mixamorig_Hips-anim" name="mixamorig_Hips"><source id="mixamorig_Hips-Matrix-animation-input"><float_array id="mixamorig_Hips-Matrix-animation-input-array" count="32">

0.000000 0.033333 0.066667 0.100000 0.133333 0.166667 0.200000 0.233333 0.266667 0.300000 0.333333 0.366667 0.400000 0.433333 0.466667 0.500000
0.533333 0.566667 0.600000 0.633333 0.666667 0.700000 0.733333 0.766667 0.800000 0.833333 0.866667 0.900000 0.933333 0.966667 1.000000 1.033333</float_array><technique_common><accessor source="#mixamorig_Hips-Matrix-animation-input-array" count="32"><param name="TIME" type="float"/></accessor></technique_common></source><source id="mixamorig_Hips-Matrix-animation-output-transform"><float_array id="mixamorig_Hips-Matrix-animation-output-transform-array" count="512">

0.999436 -0.001283 0.033568 0.018129 0.002420 0.999424 -0.033846 101.764999 -0.033505 0.033908 0.998863 0.407601 0.000000 0.000000 0.000000 1.000000
0.999694 -0.005021 0.024209 0.160769 0.006090 0.999001 -0.044262 102.402695 -0.023963 0.044396 0.998727 5.316304 0.000000 0.000000 0.000000 1.000000
0.999912 -0.000765 0.013270 0.378625 0.001501 0.998456 -0.055524 102.272293 -0.013207 0.055539 0.998369 10.217466 0.000000 0.000000 0.000000 1.000000
0.999688 0.023918 -0.007267 0.689744 -0.024331 0.997697 -0.063315 101.300278 0.005736 0.063472 0.997967 15.280154 0.000000 0.000000 0.000000 1.000000
0.998214 0.048943 -0.034241 0.971530 -0.051124 0.996508 -0.066020 99.759087 0.030891 0.067652 0.997231 20.646484 0.000000 0.000000 0.000000 1.000000
0.996821 0.058691 -0.053884 1.257099 -0.062345 0.995678 -0.068844 98.079971 0.049611 0.071984 0.996171 26.140383 0.000000 0.000000 0.000000 1.000000
0.996307 0.056756 -0.064432 1.602918 -0.061191 0.995733 -0.069078 96.755707 0.060237 0.072766 0.995528 31.627716 0.000000 0.000000 0.000000 1.000000
0.997284 0.042930 -0.059839 2.034704 -0.046105 0.997544 -0.052720 95.786011 0.057429 0.055336 0.996815 37.721275 0.000000 0.000000 0.000000 1.000000
0.998221 0.033679 -0.049203 2.682936 -0.035658 0.998567 -0.039916 95.341766 0.047788 0.041599 0.997991 44.458305 0.000000 0.000000 0.000000 1.000000
0.998920 0.026503 -0.038173 3.412305 -0.027593 0.999218 -0.028334 95.139275 0.037393 0.029357 0.998869 51.010262 0.000000 0.000000 0.000000 1.000000
0.999399 0.021971 -0.026800 4.094049 -0.022458 0.999585 -0.018019 95.001678 0.026393 0.018610 0.999478 57.142693 0.000000 0.000000 0.000000 1.000000
0.999747 0.017266 -0.014443 4.715840 -0.017398 0.999808 -0.009008 95.181793 0.014284 0.009257 0.999855 62.787636 0.000000 0.000000 0.000000 1.000000
0.999934 0.011394 -0.001594 5.153183 -0.011396 0.999934 -0.001316 95.781754 0.001579 0.001334 0.999998 68.014450 0.000000 0.000000 0.000000 1.000000
0.999917 0.005156 0.011831 5.283937 -0.005216 0.999974 0.005046 96.974945 -0.011805 -0.005107 0.999917 72.998299 0.000000 0.000000 0.000000 1.000000
0.999671 -0.000578 0.025623 5.151105 0.000320 0.999949 0.010077 98.367439 -0.025628 -0.010065 0.999621 77.896317 0.000000 0.000000 0.000000 1.000000
0.999192 -0.006492 0.039667 4.812291 0.005949 0.999887 0.013789 99.552681 -0.039752 -0.013542 0.999118 82.981430 0.000000 0.000000 0.000000 1.000000
0.998480 -0.012047 0.053783 4.490479 0.011319 0.999841 0.013812 100.520348 -0.053941 -0.013182 0.998457 88.235329 0.000000 0.000000 0.000000 1.000000
0.997606 -0.016609 0.067126 4.207209 0.016010 0.999827 0.009455 100.963684 -0.067272 -0.008358 0.997700 93.461723 0.000000 0.000000 0.000000 1.000000
0.996633 -0.020552 0.079380 3.903949 0.020645 0.999787 -0.000344 100.812065 -0.079356 0.001981 0.996844 98.679924 0.000000 0.000000 0.000000 1.000000
0.994584 -0.037102 0.097083 3.486161 0.038537 0.999173 -0.012945 100.239647 -0.096523 0.016616 0.995192 104.095543 0.000000 0.000000 0.000000 1.000000
0.991838 -0.051997 0.116419 3.058382 0.055451 0.998106 -0.026624 99.129044 -0.114814 0.032863 0.992843 109.717720 0.000000 0.000000 0.000000 1.000000
0.990057 -0.059285 0.127565 2.640957 0.065156 0.996976 -0.042347 97.888885 -0.124669 0.050238 0.990926 115.197594 0.000000 0.000000 0.000000 1.000000
0.990230 -0.055077 0.128107 2.101317 0.061283 0.997105 -0.045017 96.561935 -0.125257 0.052428 0.990738 120.971573 0.000000 0.000000 0.000000 1.000000
0.992543 -0.034519 0.116902 1.481856 0.038357 0.998791 -0.030744 95.604431 -0.115699 0.034999 0.992668 127.246086 0.000000 0.000000 0.000000 1.000000
0.994259 -0.021354 0.104851 0.818567 0.024242 0.999359 -0.026341 95.131264 -0.104222 0.028731 0.994139 133.646332 0.000000 0.000000 0.000000 1.000000
0.995529 -0.012658 0.093599 0.151173 0.015084 0.999567 -0.025254 94.928246 -0.093239 0.026553 0.995290 139.673874 0.000000 0.000000 0.000000 1.000000
0.996550 -0.008640 0.082549 -0.558857 0.010883 0.999583 -0.026764 95.325371 -0.082283 0.027570 0.996228 145.261826 0.000000 0.000000 0.000000 1.000000
0.997384 -0.005742 0.072061 -1.075263 0.007905 0.999525 -0.029773 96.111320 -0.071856 0.030265 0.996956 150.090546 0.000000 0.000000 0.000000 1.000000
0.998067 -0.003295 0.062056 -1.159415 0.005362 0.999436 -0.033158 97.334908 -0.061912 0.033426 0.997522 154.619705 0.000000 0.000000 0.000000 1.000000
0.998634 -0.002629 0.052193 -0.865752 0.004500 0.999350 -0.035760 98.889999 -0.052065 0.035946 0.997997 159.231598 0.000000 0.000000 0.000000 1.000000
0.999088 -0.002139 0.042644 -0.405665 0.003693 0.999331 -0.036393 100.466278 -0.042538 0.036517 0.998427 163.755676 0.000000 0.000000 0.000000 1.000000
0.999436 -0.001283 0.033568 0.018134 0.002419 0.999424 -0.033846 101.764999 -0.033505 0.033908 0.998863 168.181305 0.000000 0.000000 0.000000 1.000000</float_array><technique_common><accessor source="#mixamorig_Hips-Matrix-animation-output-transform-array" count="32" stride="16"><param type="float4x4"/></accessor></technique_common></source><source id="mixamorig_Hips-Interpolations"><Name_array id="mixamorig_Hips-Interpolations-array" count="32">
 LINEAR LINEAR LINEAR LINEAR LINEAR LINEAR LINEAR LINEAR LINEAR LINEAR LINEAR
LINEAR LINEAR LINEAR LINEAR LINEAR LINEAR LINEAR LINEAR LINEAR LINEAR LINEAR LINEAR
LINEAR LINEAR LINEAR LINEAR LINEAR LINEAR LINEAR LINEAR LINEAR</Name_array><technique_common><accessor source="#mixamorig_Hips-Interpolations-array" count="32"><param type="name"/></accessor></technique_common></source><sampler id="mixamorig_Hips-Matrix-animation-transform"><input semantic="INPUT" source="#mixamorig_Hips-Matrix-animation-input"/><input semantic="OUTPUT" source="#mixamorig_Hips-Matrix-animation-output-transform"/><input semantic="INTERPOLATION" source="#mixamorig_Hips-Interpolations"/></sampler><channel source="#mixamorig_Hips-Matrix-animation-transform" target="mixamorig_Hips/matrix"/></animation>
    <animation id="mixamorig_Spine-anim" name="mixamorig_Spine"><source id="mixamorig_Spine-Matrix-animation-input"><float_array id="mixamorig_Spine-Matrix-animation-input-array" count="32">

0.000000 0.033333 0.066667 0.100000 0.133333 0.166667 0.200000 0.233333 0.266667 0.300000 0.333333 0.366667 0.400000 0.433333 0.466667 0.500000
0.533333 0.566667 0.600000 0.633333 0.666667 0.700000 0.733333 0.766667 0.800000 0.833333 0.866667 0.900000 0.933333 0.966667 1.000000 1.033333</float_array><technique_common><accessor source="#mixamorig_Spine-Matrix-animation-input-array" count="32"><param name="TIME" type="float"/></accessor></technique_common></source><source id="mixamorig_Spine-Matrix-animation-output-transform"><float_array id="mixamorig_Spine-Matrix-animation-output-transform-array" count="512">

0.999740 0.006897 -0.021750 0.003800 -0.005927 0.998998 0.044369 9.469100 0.022034 -0.044229 0.998778 -0.797400 0.000000 0.000000 0.000000 1.000000
0.999946 0.009180 -0.004846 0.003800 -0.008920 0.998648 0.051202 9.469100 0.005309 -0.051156 0.998677 -0.797400 0.000000 0.000000 0.000000 1.000000
0.999934 -0.003070 0.011077 0.003800 0.002413 0.998263 0.058865 9.469100 -0.011238 -0.058835 0.998204 -0.797400 0.000000 0.000000 0.000000 1.000000
0.998413 -0.045653 0.032971 0.003800 0.043316 0.996716 0.068420 9.469100 -0.035986 -0.066883 0.997112 -0.797400 0.000000 0.000000 0.000000 1.000000
0.995408 -0.080680 0.051517 0.003800 0.076399 0.993840 0.080277 9.469100 -0.057676 -0.075972 0.995440 -0.797400 0.000000 0.000000 0.000000 1.000000
0.994695 -0.085643 0.056986 0.003800 0.080338 0.992729 0.089638 9.469100 -0.064249 -0.084584 0.994343 -0.797400 0.000000 0.000000 0.000000 1.000000
0.995306 -0.072851 0.063703 0.003800 0.066969 0.993684 0.090045 9.469100 -0.069861 -0.085356 0.993898 -0.797400 0.000000 0.000000 0.000000 1.000000
0.996468 -0.045034 0.070880 0.003800 0.039165 0.995853 0.082119 9.469100 -0.074284 -0.079053 0.994099 -0.797400 0.000000 0.000000 0.000000 1.000000
0.997141 -0.023116 0.071936 0.003800 0.016610 0.995825 0.089756 9.469100 -0.073711 -0.088304 0.993363 -0.797400 0.000000 0.000000 0.000000 1.000000
0.997585 0.000154 0.069462 0.003800 -0.006548 0.995753 0.091834 9.469100 -0.069153 -0.092067 0.993349 -0.797400 0.000000 0.000000 0.000000 1.000000
0.997515 0.008489 0.069937 0.003800 -0.014614 0.996054 0.087539 9.469100 -0.068918 -0.088343 0.993703 -0.797400 0.000000 0.000000 0.000000 1.000000
0.998311 0.010037 0.057223 0.003800 -0.014720 0.996522 0.082019 9.469100 -0.056201 -0.082722 0.994987 -0.797400 0.000000 0.000000 0.000000 1.000000
0.999663 0.010320 0.023803 0.003800 -0.012089 0.997078 0.075432 9.469100 -0.022955 -0.075694 0.996867 -0.797400 0.000000 0.000000 0.000000 1.000000
0.999887 0.010817 -0.010468 0.003800 -0.010076 0.997604 0.068440 9.469100 0.011183 -0.068327 0.997600 -0.797400 0.000000 0.000000 0.000000 1.000000
0.999333 0.013499 -0.033936 0.003800 -0.011314 0.997901 0.063765 9.469100 0.034726 -0.063339 0.997388 -0.797400 0.000000 0.000000 0.000000 1.000000
0.998339 0.023490 -0.052599 0.003800 -0.020060 0.997696 0.064812 9.469100 0.054000 -0.063649 0.996510 -0.797400 0.000000 0.000000 0.000000 1.000000
0.996919 0.032524 -0.071375 0.003800 -0.027704 0.997333 0.067523 9.469100 0.073381 -0.065338 0.995161 -0.797400 0.000000 0.000000 0.000000 1.000000
0.995373 0.039053 -0.087788 0.003800 -0.033314 0.997269 0.065912 9.469100 0.090122 -0.062683 0.993956 -0.797400 0.000000 0.000000 0.000000 1.000000
0.993902 0.047638 -0.099442 0.003800 -0.041206 0.996984 0.065759 9.469100 0.102275 -0.061261 0.992868 -0.797400 0.000000 0.000000 0.000000 1.000000
0.990654 0.077723 -0.112088 0.003800 -0.069702 0.994835 0.073791 9.469100 0.117244 -0.065289 0.990955 -0.797400 0.000000 0.000000 0.000000 1.000000
0.987676 0.101508 -0.119133 0.003800 -0.091399 0.991966 0.087467 9.469100 0.127055 -0.075500 0.989018 -0.797400 0.000000 0.000000 0.000000 1.000000
0.988198 0.101068 -0.115110 0.003800 -0.090042 0.991177 0.097269 9.469100 0.123925 -0.085757 0.988579 -0.797400 0.000000 0.000000 0.000000 1.000000
0.990508 0.085851 -0.107346 0.003800 -0.075951 0.992752 0.093142 9.469100 0.114565 -0.084104 0.989849 -0.797400 0.000000 0.000000 0.000000 1.000000
0.993480 0.053461 -0.100697 0.003800 -0.045587 0.995837 0.078938 9.469100 0.104498 -0.073833 0.991781 -0.797400 0.000000 0.000000 0.000000 1.000000
0.993808 0.028762 -0.107327 0.003800 -0.020245 0.996619 0.079624 9.469100 0.109255 -0.076958 0.991030 -0.797400 0.000000 0.000000 0.000000 1.000000
0.992513 0.022004 -0.120137 0.003800 -0.011964 0.996423 0.083658 9.469100 0.121548 -0.081594 0.989226 -0.797400 0.000000 0.000000 0.000000 1.000000
0.993293 0.024472 -0.113002 0.003800 -0.014772 0.996194 0.085898 9.469100 0.114674 -0.083652 0.989875 -0.797400 0.000000 0.000000 0.000000 1.000000
0.996065 0.026699 -0.084506 0.003800 -0.020076 0.996730 0.078277 9.469100 0.086319 -0.076272 0.993344 -0.797400 0.000000 0.000000 0.000000 1.000000
0.998040 0.024764 -0.057463 0.003800 -0.020736 0.997356 0.069653 9.469100 0.059036 -0.068325 0.995915 -0.797400 0.000000 0.000000 0.000000 1.000000
0.998982 0.019834 -0.040523 0.003800 -0.017150 0.997701 0.065558 9.469100 0.041730 -0.064797 0.997026 -0.797400 0.000000 0.000000 0.000000 1.000000
0.999470 0.013266 -0.029717 0.003800 -0.011512 0.998225 0.058435 9.469100 0.030440 -0.058062 0.997849 -0.797400 0.000000 0.000000 0.000000 1.000000
0.999740 0.006897 -0.021750 0.003800 -0.005927 0.998998 0.044369 9.469100 0.022034 -0.044229 0.998778 -0.797400 0.000000 0.000000 0.000000 1.000000</float_array><technique_common><accessor source="#mixamorig_Spine-Matrix-animation-output-transform-array" count="32" stride="16"><param type="float4x4"/></accessor></technique_common></source><source id="mixamorig_Spine-Interpolations"><Name_array id="mixamorig_Spine-Interpolations-array" count="32">
 LINEAR LINEAR LINEAR LINEAR LINEAR LINEAR LINEAR LINEAR LINEAR LINEAR LINEAR
LINEAR LINEAR LINEAR LINEAR LINEAR LINEAR LINEAR LINEAR LINEAR LINEAR LINEAR LINEAR
LINEAR LINEAR LINEAR LINEAR LINEAR LINEAR LINEAR LINEAR LINEAR</Name_array><technique_common><accessor source="#mixamorig_Spine-Interpolations-array" count="32"><param type="name"/></accessor></technique_common></source><sampler id="mixamorig_Spine-Matrix-animation-transform"><input semantic="INPUT" source="#mixamorig_Spine-Matrix-animation-input"/><input semantic="OUTPUT" source="#mixamorig_Spine-Matrix-animation-output-transform"/><input semantic="INTERPOLATION" source="#mixamorig_Spine-Interpolations"/></sampler><channel source="#mixamorig_Spine-Matrix-animation-transform" target="mixamorig_Spine/matrix"/></animation>
    <animation id="mixamorig_Spine1-anim" name="mixamorig_Spine1"><source id="mixamorig_Spine1-Matrix-animation-input"><float_array id="mixamorig_Spine1-Matrix-animation-input-array" count="32">

0.000000 0.033333 0.066667 0.100000 0.133333 0.166667 0.200000 0.233333 0.266667 0.300000 0.333333 0.366667 0.400000 0.433333 0.466667 0.500000
0.533333 0.566667 0.600000 0.633333 0.666667 0.700000 0.733333 0.766667 0.800000 0.833333 0.866667 0.900000 0.933333 0.966667 1.000000 1.033333</float_array><technique_common><accessor source="#mixamorig_Spine1-Matrix-animation-input-array" count="32"><param name="TIME" type="float"/></accessor></technique_common></source><source id="mixamorig_Spine1-Matrix-animation-output-transform"><float_array id="mixamorig_Spine1-Matrix-animation-output-transform-array" count="512">

0.998874 -0.013553 -0.045463 -0.000000 0.013147 0.999871 -0.009211 10.885900 0.045582 0.008603 0.998924 0.000000 0.000000 0.000000 0.000000 1.000000
0.999413 -0.005903 -0.033752 0.000000 0.005749 0.999973 -0.004665 10.885900 0.033778 0.004469 0.999419 0.000000 0.000000 0.000000 0.000000 1.000000
0.999765 0.004347 -0.021224 -0.000000 -0.004366 0.999990 -0.000867 10.885900 0.021220 0.000959 0.999774 0.000000 0.000000 0.000000 0.000000 1.000000
0.999776 0.019643 -0.007834 0.000000 -0.019643 0.999807 0.000164 10.885900 0.007835 -0.000011 0.999969 0.000000 0.000000 0.000000 0.000000 1.000000
0.999530 0.030006 0.006227 0.000000 -0.030001 0.999550 -0.000846 10.885900 -0.006250 0.000659 0.999980 0.000000 0.000000 0.000000 0.000000 1.000000
0.999343 0.029423 0.021141 0.000000 -0.029412 0.999567 -0.000849 10.885900 -0.021157 0.000227 0.999776 0.000000 0.000000 0.000000 0.000000 1.000000
0.999090 0.024415 0.034976 0.000000 -0.024389 0.999702 -0.001193 10.885900 -0.034994 0.000339 0.999387 0.000000 0.000000 0.000000 0.000000 1.000000
0.998774 0.020799 0.044931 0.000000 -0.020699 0.999782 -0.002696 10.885900 -0.044977 0.001762 0.998986 0.000000 0.000000 0.000000 0.000000 1.000000
0.998665 0.016054 0.049089 0.000000 -0.016106 0.999870 0.000675 10.885900 -0.049071 -0.001465 0.998794 0.000000 0.000000 0.000000 0.000000 1.000000
0.998999 0.005258 0.044423 0.000000 -0.005637 0.999949 0.008402 10.885900 -0.044376 -0.008644 0.998977 0.000000 0.000000 0.000000 0.000000 1.000000
0.999349 0.005601 0.035645 0.000000 -0.006036 0.999909 0.012089 10.885900 -0.035574 -0.012297 0.999291 0.000000 0.000000 0.000000 0.000000 1.000000
0.999564 0.007179 0.028641 0.000000 -0.007518 0.999903 0.011734 10.885900 -0.028554 -0.011944 0.999521 0.000000 0.000000 0.000000 0.000000 1.000000
0.999798 0.006048 0.019176 0.000000 -0.006200 0.999950 0.007879 10.885900 -0.019127 -0.007996 0.999785 0.000000 0.000000 0.000000 0.000000 1.000000
0.999979 0.006163 0.002188 0.000000 -0.006170 0.999976 0.003241 10.885900 -0.002168 -0.003254 0.999992 0.000000 0.000000 0.000000 0.000000 1.000000
0.999807 0.007647 -0.018085 -0.000000 -0.007631 0.999970 0.000963 10.885900 0.018092 -0.000825 0.999836 0.000000 0.000000 0.000000 0.000000 1.000000
0.999307 0.004659 -0.036919 -0.000000 -0.004663 0.999989 -0.000025 10.885900 0.036918 0.000197 0.999318 0.000000 0.000000 0.000000 0.000000 1.000000
0.998479 0.000257 -0.055125 0.000000 -0.000326 0.999999 -0.001233 10.885900 0.055124 0.001249 0.998479 0.000000 0.000000 0.000000 0.000000 1.000000
0.997220 -0.004886 -0.074348 0.000000 0.004754 0.999987 -0.001951 10.885900 0.074357 0.001592 0.997230 -0.000000 0.000000 0.000000 0.000000 1.000000
0.995591 -0.013258 -0.092861 0.000000 0.013010 0.999910 -0.003278 10.885900 0.092896 0.002056 0.995674 0.000000 0.000000 0.000000 0.000000 1.000000
0.993586 -0.026582 -0.109908 0.000000 0.025842 0.999633 -0.008144 10.885900 0.110084 0.005252 0.993908 0.000000 0.000000 0.000000 0.000000 1.000000
0.991390 -0.034639 -0.126280 0.000000 0.033375 0.999370 -0.012109 10.885900 0.126619 0.007790 0.991921 0.000000 0.000000 0.000000 0.000000 1.000000
0.989750 -0.031974 -0.139188 -0.000000 0.030820 0.999470 -0.010442 10.885900 0.139448 0.006046 0.990211 -0.000000 0.000000 0.000000 0.000000 1.000000
0.988904 -0.028428 -0.145814 0.000000 0.027315 0.999580 -0.009632 10.885900 0.146026 0.005543 0.989265 0.000000 0.000000 0.000000 0.000000 1.000000
0.988718 -0.027163 -0.147304 -0.000000 0.025827 0.999606 -0.010974 10.885900 0.147544 0.007046 0.989030 0.000000 0.000000 0.000000 0.000000 1.000000
0.989514 -0.021290 -0.142858 -0.000000 0.020506 0.999766 -0.006956 10.885900 0.142973 0.003953 0.989719 0.000000 0.000000 0.000000 0.000000 1.000000
0.990492 -0.025286 -0.135226 -0.000000 0.024649 0.999676 -0.006378 10.885900 0.135344 0.002984 0.990794 0.000000 0.000000 0.000000 0.000000 1.000000
0.991356 -0.026023 -0.128596 0.000000 0.025543 0.999659 -0.005382 10.885900 0.128693 0.002050 0.991682 0.000000 0.000000 0.000000 0.000000 1.000000
0.992636 -0.024631 -0.118606 0.000000 0.024071 0.999691 -0.006148 10.885900 0.118721 0.003248 0.992922 0.000000 0.000000 0.000000 0.000000 1.000000
0.994680 -0.023437 -0.100309 0.000000 0.022605 0.999700 -0.009427 10.885900 0.100500 0.007109 0.994912 -0.000000 0.000000 0.000000 0.000000 1.000000
0.996772 -0.021050 -0.077470 0.000000 0.020188 0.999725 -0.011891 10.885900 0.077699 0.010288 0.996924 -0.000000 0.000000 0.000000 0.000000 1.000000
0.998159 -0.017887 -0.057953 0.000000 0.017246 0.999785 -0.011538 10.885900 0.058147 0.010518 0.998253 -0.000000 0.000000 0.000000 0.000000 1.000000
0.998874 -0.013553 -0.045463 0.000000 0.013147 0.999871 -0.009211 10.885900 0.045582 0.008603 0.998924 0.000000 0.000000 0.000000 0.000000 1.000000</float_array><technique_common><accessor source="#mixamorig_Spine1-Matrix-animation-output-transform-array" count="32" stride="16"><param type="float4x4"/></accessor></technique_common></source><source id="mixamorig_Spine1-Interpolations"><Name_array id="mixamorig_Spine1-Interpolations-array" count="32">
 LINEAR LINEAR LINEAR LINEAR LINEAR LINEAR LINEAR LINEAR LINEAR LINEAR LINEAR
LINEAR LINEAR LINEAR LINEAR LINEAR LINEAR LINEAR LINEAR LINEAR LINEAR LINEAR LINEAR
LINEAR LINEAR LINEAR LINEAR LINEAR LINEAR LINEAR LINEAR LINEAR</Name_array><technique_common><accessor source="#mixamorig_Spine1-Interpolations-array" count="32"><param type="name"/></accessor></technique_common></source><sampler id="mixamorig_Spine1-Matrix-animation-transform"><input semantic="INPUT" source="#mixamorig_Spine1-Matrix-animation-input"/><input semantic="OUTPUT" source="#mixamorig_Spine1-Matrix-animation-output-transform"/><input semantic="INTERPOLATION" source="#mixamorig_Spine1-Interpolations"/></sampler><channel source="#mixamorig_Spine1-Matrix-animation-transform" target="mixamorig_Spine1/matrix"/></animation>
    <animation id="mixamorig_Spine2-anim" name="mixamorig_Spine2"><source id="mixamorig_Spine2-Matrix-animation-input"><float_array id="mixamorig_Spine2-Matrix-animation-input-array" count="32">

0.000000 0.033333 0.066667 0.100000 0.133333 0.166667 0.200000 0.233333 0.266667 0.300000 0.333333 0.366667 0.400000 0.433333 0.466667 0.500000
0.533333 0.566667 0.600000 0.633333 0.666667 0.700000 0.733333 0.766667 0.800000 0.833333 0.866667 0.900000 0.933333 0.966667 1.000000 1.033333</float_array><technique_common><accessor source="#mixamorig_Spine2-Matrix-animation-input-array" count="32"><param name="TIME" type="float"/></accessor></technique_common></source><source id="mixamorig_Spine2-Matrix-animation-output-transform"><float_array id="mixamorig_Spine2-Matrix-animation-output-transform-array" count="512">

0.998867 -0.015323 -0.045062 0.000000 0.013388 0.998988 -0.042938 12.834400 0.045674 0.042286 0.998061 0.000000 0.000000 0.000000 0.000000 1.000000
0.999418 -0.007392 -0.033311 0.000000 0.006105 0.999237 -0.038578 12.834400 0.033570 0.038352 0.998700 0.000000 0.000000 0.000000 0.000000 1.000000
0.999776 0.003150 -0.020928 0.000000 -0.003877 0.999387 -0.034800 12.834400 0.020806 0.034874 0.999175 0.000000 0.000000 0.000000 0.000000 1.000000
0.999792 0.018798 -0.007914 0.000000 -0.019052 0.999260 -0.033401 12.834400 0.007280 0.033545 0.999411 -0.000000 0.000000 0.000000 0.000000 1.000000
0.999544 0.029618 0.005842 0.000000 -0.029405 0.998996 -0.033791 12.834400 -0.006837 0.033604 0.999412 0.000000 0.000000 0.000000 0.000000 1.000000
0.999353 0.029434 0.020687 0.000000 -0.028727 0.999020 -0.033682 12.834400 -0.021658 0.033066 0.999218 0.000000 0.000000 0.000000 0.000000 1.000000
0.999094 0.024866 0.034531 0.000000 -0.023678 0.999128 -0.034378 12.834400 -0.035356 0.033529 0.998812 0.000000 0.000000 0.000000 0.000000 1.000000
0.998769 0.021782 0.044564 0.000000 -0.020184 0.999148 -0.036012 12.834400 -0.045311 0.035068 0.998357 0.000000 0.000000 0.000000 0.000000 1.000000
0.998654 0.016839 0.049053 0.000000 -0.015244 0.999349 -0.032709 12.834400 -0.049572 0.031917 0.998260 0.000000 0.000000 0.000000 0.000000 1.000000
0.998979 0.005130 0.044885 0.000000 -0.003985 0.999665 -0.025562 12.834400 -0.045001 0.025357 0.998665 0.000000 0.000000 0.000000 0.000000 1.000000
0.999330 0.004947 0.036277 0.000000 -0.004166 0.999759 -0.021568 12.834400 -0.036375 0.021403 0.999109 0.000000 0.000000 0.000000 0.000000 1.000000
0.999546 0.006594 0.029399 -0.000000 -0.005958 0.999748 -0.021663 12.834400 -0.029534 0.021478 0.999333 0.000000 0.000000 0.000000 0.000000 1.000000
0.999783 0.005771 0.020001 -0.000000 -0.005257 0.999657 -0.025653 12.834400 -0.020143 0.025543 0.999471 0.000000 0.000000 0.000000 0.000000 1.000000
0.999978 0.005878 0.002945 0.000000 -0.005785 0.999515 -0.030608 12.834400 -0.003123 0.030590 0.999527 0.000000 0.000000 0.000000 0.000000 1.000000
0.999823 0.006988 -0.017474 -0.000000 -0.007565 0.999420 -0.033208 12.834400 0.017232 0.033334 0.999296 -0.000000 0.000000 0.000000 0.000000 1.000000
0.999331 0.003523 -0.036414 0.000000 -0.004771 0.999402 -0.034247 12.834400 0.036272 0.034398 0.998750 0.000000 0.000000 0.000000 0.000000 1.000000
0.998501 -0.001403 -0.054719 0.000000 -0.000526 0.999379 -0.035224 12.834400 0.054735 0.035200 0.997880 0.000000 0.000000 0.000000 0.000000 1.000000
0.997233 -0.006991 -0.074005 0.000000 0.004367 0.999358 -0.035563 12.834400 0.074206 0.035141 0.996624 0.000000 0.000000 0.000000 0.000000 1.000000
0.995594 -0.015718 -0.092444 0.000000 0.012424 0.999271 -0.036099 12.834400 0.092944 0.034792 0.995063 -0.000000 0.000000 0.000000 0.000000 1.000000
0.993575 -0.029679 -0.109213 0.000000 0.025512 0.998900 -0.039356 12.834400 0.110261 0.036317 0.993239 0.000000 0.000000 0.000000 0.000000 1.000000
0.991372 -0.038379 -0.125332 0.000000 0.033302 0.998547 -0.042358 12.834400 0.126776 0.037818 0.991210 -0.000000 0.000000 0.000000 0.000000 1.000000
0.989750 -0.035717 -0.138274 0.000000 0.030270 0.998688 -0.041299 12.834400 0.139568 0.036690 0.989533 -0.000000 0.000000 0.000000 0.000000 1.000000
0.988907 -0.032333 -0.144971 0.000000 0.026634 0.998801 -0.041081 12.834400 0.146126 0.036764 0.988583 -0.000000 0.000000 0.000000 0.000000 1.000000
0.988693 -0.031484 -0.146612 0.000000 0.025530 0.998778 -0.042314 12.834400 0.147765 0.038093 0.988289 0.000000 0.000000 0.000000 0.000000 1.000000
0.989457 -0.025062 -0.142639 0.000000 0.019695 0.999048 -0.038916 12.834400 0.143479 0.035697 0.989009 -0.000000 0.000000 0.000000 0.000000 1.000000
0.990404 -0.028481 -0.135238 0.000000 0.023628 0.999023 -0.037356 12.834400 0.136170 0.033802 0.990109 0.000000 0.000000 0.000000 0.000000 1.000000
0.991261 -0.028782 -0.128740 0.000000 0.024268 0.999039 -0.036497 12.834400 0.129667 0.033054 0.991006 0.000000 0.000000 0.000000 0.000000 1.000000
0.992545 -0.027328 -0.118777 0.000000 0.022964 0.999016 -0.037954 12.834400 0.119698 0.034944 0.992195 0.000000 0.000000 0.000000 0.000000 1.000000
0.994600 -0.026275 -0.100404 0.000000 0.022153 0.998874 -0.041950 12.834400 0.101393 0.039500 0.994062 0.000000 0.000000 0.000000 0.000000 1.000000
0.996720 -0.023679 -0.077386 0.000000 0.020223 0.998775 -0.045151 12.834400 0.078360 0.043438 0.995978 -0.000000 0.000000 0.000000 0.000000 1.000000
0.998136 -0.019993 -0.057658 0.000000 0.017393 0.998824 -0.045247 12.834400 0.058495 0.044160 0.997311 0.000000 0.000000 0.000000 0.000000 1.000000
0.998867 -0.015323 -0.045062 0.000000 0.013388 0.998988 -0.042938 12.834400 0.045674 0.042286 0.998061 0.000000 0.000000 0.000000 0.000000 1.000000</float_array><technique_common><accessor source="#mixamorig_Spine2-Matrix-animation-output-transform-array" count="32" stride="16"><param type="float4x4"/></accessor></technique_common></source><source id="mixamorig_Spine2-Interpolations"><Name_array id="mixamorig_Spine2-Interpolations-array" count="32">
 LINEAR LINEAR LINEAR LINEAR LINEAR LINEAR LINEAR LINEAR LINEAR LINEAR LINEAR
LINEAR LINEAR LINEAR LINEAR LINEAR LINEAR LINEAR LINEAR LINEAR LINEAR LINEAR LINEAR
LINEAR LINEAR LINEAR LINEAR LINEAR LINEAR LINEAR LINEAR LINEAR</Name_array><technique_common><accessor source="#mixamorig_Spine2-Interpolations-array" count="32"><param type="name"/></accessor></technique_common></source><sampler id="mixamorig_Spine2-Matrix-animation-transform"><input semantic="INPUT" source="#mixamorig_Spine2-Matrix-animation-input"/><input semantic="OUTPUT" source="#mixamorig_Spine2-Matrix-animation-output-transform"/><input semantic="INTERPOLATION" source="#mixamorig_Spine2-Interpolations"/></sampler><channel source="#mixamorig_Spine2-Matrix-animation-transform" target="mixamorig_Spine2/matrix"/></animation>
    <animation id="mixamorig_Neck-anim" name="mixamorig_Neck"><source id="mixamorig_Neck-Matrix-animation-input"><float_array id="mixamorig_Neck-Matrix-animation-input-array" count="32">

0.000000 0.033333 0.066667 0.100000 0.133333 0.166667 0.200000 0.233333 0.266667 0.300000 0.333333 0.366667 0.400000 0.433333 0.466667 0.500000
0.533333 0.566667 0.600000 0.633333 0.666667 0.700000 0.733333 0.766667 0.800000 0.833333 0.866667 0.900000 0.933333 0.966667 1.000000 1.033333</float_array><technique_common><accessor source="#mixamorig_Neck-Matrix-animation-input-array" count="32"><param name="TIME" type="float"/></accessor></technique_common></source><source id="mixamorig_Neck-Matrix-animation-output-transform"><float_array id="mixamorig_Neck-Matrix-animation-output-transform-array" count="512">

0.999302 0.004153 0.037113 -0.003900 0.002479 0.984229 -0.176884 14.257600 -0.037263 0.176853 0.983532 2.618200 0.000000 0.000000 0.000000 1.000000
0.999439 0.006375 0.032874 -0.003900 -0.000434 0.984091 -0.177664 14.257600 -0.033483 0.177550 0.983542 2.618200 0.000000 0.000000 0.000000 1.000000
0.999624 0.004348 0.027059 -0.003900 0.000486 0.984369 -0.176117 14.257600 -0.027401 0.176064 0.983997 2.618200 0.000000 0.000000 0.000000 1.000000
0.999796 -0.005894 0.019315 -0.003900 0.009173 0.984638 -0.174365 14.257600 -0.017990 0.174507 0.984492 2.618200 0.000000 0.000000 0.000000 1.000000
0.999797 -0.016754 0.011182 -0.003900 0.018453 0.984392 -0.175022 14.257600 -0.008075 0.175192 0.984501 2.618200 0.000000 0.000000 0.000000 1.000000
0.999786 -0.020296 0.004101 -0.003900 0.020700 0.984311 -0.175222 14.257600 -0.000480 0.175269 0.984520 2.618200 0.000000 0.000000 0.000000 1.000000
0.999830 -0.018349 -0.002045 -0.003900 0.017721 0.984852 -0.172491 14.257600 0.005179 0.172426 0.985009 2.618200 0.000000 0.000000 0.000000 1.000000
0.999886 -0.013382 -0.006995 -0.003900 0.011987 0.985171 -0.171154 14.257600 0.009181 0.171050 0.985219 2.618200 0.000000 0.000000 0.000000 1.000000
0.999963 0.001578 -0.008411 -0.003900 -0.003045 0.984140 -0.177365 14.257600 0.007997 0.177384 0.984109 2.618200 0.000000 0.000000 0.000000 1.000000
0.999610 0.027472 -0.004955 -0.003900 -0.027915 0.982894 -0.182045 14.257600 -0.000131 0.182112 0.983278 2.618200 0.000000 0.000000 0.000000 1.000000
0.999207 0.039807 -0.000749 -0.003900 -0.039278 0.982509 -0.182024 14.257600 -0.006510 0.181909 0.983294 2.618200 0.000000 0.000000 0.000000 1.000000
0.998801 0.048735 0.004552 -0.003900 -0.047066 0.981783 -0.184083 14.257600 -0.013440 0.183648 0.982900 2.618200 0.000000 0.000000 0.000000 1.000000
0.998459 0.054137 0.012235 -0.003900 -0.050945 0.981409 -0.185041 14.257600 -0.022025 0.184133 0.982655 2.618200 0.000000 0.000000 0.000000 1.000000
0.998561 0.049292 0.021115 -0.003900 -0.044589 0.981972 -0.183693 14.257600 -0.029789 0.182487 0.982757 2.618200 0.000000 0.000000 0.000000 1.000000
0.998819 0.038423 0.029722 -0.003900 -0.032267 0.982149 -0.185318 14.257600 -0.036312 0.184140 0.982229 2.618200 0.000000 0.000000 0.000000 1.000000
0.998816 0.030154 0.038166 -0.003900 -0.022327 0.981334 -0.191008 14.257600 -0.043214 0.189930 0.980846 2.618200 0.000000 0.000000 0.000000 1.000000
0.998635 0.023113 0.046840 -0.003900 -0.013490 0.980471 -0.196198 14.257600 -0.050460 0.195298 0.979445 2.618200 0.000000 0.000000 0.000000 1.000000
0.998266 0.018207 0.055985 -0.003900 -0.006843 0.980414 -0.196830 14.257600 -0.058472 0.196106 0.978838 2.618200 0.000000 0.000000 0.000000 1.000000
0.997665 0.020217 0.065229 -0.003900 -0.007176 0.980921 -0.194275 14.257600 -0.067912 0.193353 0.978776 2.618200 0.000000 0.000000 0.000000 1.000000
0.996767 0.029855 0.074590 -0.003900 -0.015073 0.981398 -0.191392 14.257600 -0.078917 0.189649 0.978675 2.618200 0.000000 0.000000 0.000000 1.000000
0.995768 0.039127 0.083160 -0.003900 -0.022756 0.981639 -0.189384 14.257600 -0.089044 0.186690 0.978375 2.618200 0.000000 0.000000 0.000000 1.000000
0.995093 0.042337 0.089426 -0.003900 -0.025102 0.982283 -0.185717 14.257600 -0.095704 0.182561 0.978526 2.618200 0.000000 0.000000 0.000000 1.000000
0.994899 0.039720 0.092728 -0.003900 -0.022469 0.983382 -0.180155 14.257600 -0.098343 0.177153 0.979258 2.618200 0.000000 0.000000 0.000000 1.000000
0.995086 0.032225 0.093625 -0.003900 -0.015261 0.984175 -0.176540 14.257600 -0.097832 0.174244 0.979831 2.618200 0.000000 0.000000 0.000000 1.000000
0.995796 0.009153 0.091136 -0.003900 0.007541 0.983423 -0.181169 14.257600 -0.091283 0.181095 0.979220 2.618200 0.000000 0.000000 0.000000 1.000000
0.996144 -0.002754 0.087691 -0.003900 0.018917 0.982740 -0.184025 14.257600 -0.085671 0.184974 0.979002 2.618200 0.000000 0.000000 0.000000 1.000000
0.996608 -0.014094 0.081076 -0.003900 0.028957 0.982276 -0.185192 14.257600 -0.077029 0.186912 0.979352 2.618200 0.000000 0.000000 0.000000 1.000000
0.997227 -0.023366 0.070656 -0.003900 0.035946 0.982565 -0.182409 14.257600 -0.065162 0.184443 0.980681 2.618200 0.000000 0.000000 0.000000 1.000000
0.997992 -0.023140 0.058958 -0.003900 0.033413 0.983150 -0.179720 14.257600 -0.053806 0.181329 0.981949 2.618200 0.000000 0.000000 0.000000 1.000000
0.998720 -0.014894 0.048338 -0.003900 0.023389 0.983342 -0.180251 14.257600 -0.044849 0.181151 0.982432 2.618200 0.000000 0.000000 0.000000 1.000000
0.999167 -0.004127 0.040609 -0.003900 0.011397 0.983516 -0.180462 14.257600 -0.039195 0.180774 0.982743 2.618200 0.000000 0.000000 0.000000 1.000000
0.999302 0.004153 0.037113 -0.003900 0.002479 0.984229 -0.176884 14.257600 -0.037263 0.176853 0.983532 2.618200 0.000000 0.000000 0.000000 1.000000</float_array><technique_common><accessor source="#mixamorig_Neck-Matrix-animation-output-transform-array" count="32" stride="16"><param type="float4x4"/></accessor></technique_common></source><source id="mixamorig_Neck-Interpolations"><Name_array id="mixamorig_Neck-Interpolations-array" count="32">
 LINEAR LINEAR LINEAR LINEAR LINEAR LINEAR LINEAR LINEAR LINEAR LINEAR LINEAR
LINEAR LINEAR LINEAR LINEAR LINEAR LINEAR LINEAR LINEAR LINEAR LINEAR LINEAR LINEAR
LINEAR LINEAR LINEAR LINEAR LINEAR LINEAR LINEAR LINEAR LINEAR</Name_array><technique_common><accessor source="#mixamorig_Neck-Interpolations-array" count="32"><param type="name"/></accessor></technique_common></source><sampler id="mixamorig_Neck-Matrix-animation-transform"><input semantic="INPUT" source="#mixamorig_Neck-Matrix-animation-input"/><input semantic="OUTPUT" source="#mixamorig_Neck-Matrix-animation-output-transform"/><input semantic="INTERPOLATION" source="#mixamorig_Neck-Interpolations"/></sampler><channel source="#mixamorig_Neck-Matrix-animation-transform" target="mixamorig_Neck/matrix"/></animation>
    <animation id="mixamorig_Head-anim" name="mixamorig_Head"><source id="mixamorig_Head-Matrix-animation-input"><float_array id="mixamorig_Head-Matrix-animation-input-array" count="32">

0.000000 0.033333 0.066667 0.100000 0.133333 0.166667 0.200000 0.233333 0.266667 0.300000 0.333333 0.366667 0.400000 0.433333 0.466667 0.500000
0.533333 0.566667 0.600000 0.633333 0.666667 0.700000 0.733333 0.766667 0.800000 0.833333 0.866667 0.900000 0.933333 0.966667 1.000000 1.033333</float_array><technique_common><accessor source="#mixamorig_Head-Matrix-animation-input-array" count="32"><param name="TIME" type="float"/></accessor></technique_common></source><source id="mixamorig_Head-Matrix-animation-output-transform"><float_array id="mixamorig_Head-Matrix-animation-output-transform-array" count="512">

0.996340 0.032647 0.078999 -0.000500 -0.037096 0.997768 0.055528 10.387000 -0.077010 -0.058255 0.995327 1.832200 0.000000 0.000000 0.000000 1.000000
0.997790 0.032674 0.057859 -0.000500 -0.035549 0.998148 0.049374 10.387000 -0.056139 -0.051322 0.997103 1.832200 0.000000 0.000000 0.000000 1.000000
0.998661 0.032668 0.040123 -0.000500 -0.034635 0.998181 0.049343 10.387000 -0.038438 -0.050667 0.997976 1.832200 0.000000 0.000000 0.000000 1.000000
0.998921 0.038288 0.026298 -0.000500 -0.039711 0.997646 0.055908 10.387000 -0.024095 -0.056892 0.998090 1.832200 0.000000 0.000000 0.000000 1.000000
0.998903 0.041941 0.020842 -0.000500 -0.043277 0.996716 0.068436 10.387000 -0.017904 -0.069263 0.997438 1.832200 0.000000 0.000000 0.000000 1.000000
0.998919 0.042160 0.019596 -0.000500 -0.043615 0.995765 0.080926 10.387000 -0.016101 -0.081693 0.996527 1.832200 0.000000 0.000000 0.000000 1.000000
0.999048 0.041890 0.012175 -0.000500 -0.042852 0.994640 0.094102 10.387000 -0.008168 -0.094534 0.995488 1.832200 0.000000 0.000000 0.000000 1.000000
0.999399 0.034407 -0.004238 -0.000500 -0.033784 0.994043 0.103617 10.387000 0.007778 -0.103411 0.994608 1.832200 0.000000 0.000000 0.000000 1.000000
0.999636 0.015646 -0.021967 -0.000500 -0.013536 0.995563 0.093120 10.387000 0.023327 -0.092789 0.995413 1.832200 0.000000 0.000000 0.000000 1.000000
0.999404 -0.010233 -0.032954 -0.000500 0.012474 0.997572 0.068516 10.387000 0.032173 -0.068886 0.997106 1.832200 0.000000 0.000000 0.000000 1.000000
0.998749 -0.034350 -0.036337 -0.000500 0.036239 0.997954 0.052681 10.387000 0.034453 -0.053932 0.997950 1.832200 0.000000 0.000000 0.000000 1.000000
0.998729 -0.041869 -0.028056 -0.000500 0.043394 0.997478 0.056162 10.387000 0.025634 -0.057308 0.998027 1.832200 0.000000 0.000000 0.000000 1.000000
0.999624 -0.027404 -0.000653 -0.000500 0.027382 0.997165 0.070086 10.387000 -0.001269 -0.070078 0.997541 1.832200 0.000000 0.000000 0.000000 1.000000
0.999331 -0.002955 0.036440 -0.000500 0.000205 0.997166 0.075234 10.387000 -0.036559 -0.075176 0.996500 1.832200 0.000000 0.000000 0.000000 1.000000
0.997433 0.015534 0.069904 -0.000500 -0.020025 0.997749 0.064005 10.387000 -0.068752 -0.065241 0.995498 1.832200 0.000000 0.000000 0.000000 1.000000
0.995126 0.024515 0.095515 -0.000500 -0.028951 0.998552 0.045342 10.387000 -0.094266 -0.047886 0.994395 1.832200 0.000000 0.000000 0.000000 1.000000
0.992379 0.030540 0.119375 -0.000500 -0.034254 0.998987 0.029186 10.387000 -0.118363 -0.033053 0.992420 1.832200 0.000000 0.000000 0.000000 1.000000
0.989005 0.036365 0.143342 -0.000500 -0.039847 0.998975 0.021489 10.387000 -0.142414 -0.026965 0.989440 1.832200 0.000000 0.000000 0.000000 1.000000
0.986150 0.038348 0.161363 -0.000500 -0.043095 0.998732 0.026018 10.387000 -0.160160 -0.032612 0.986552 1.832200 0.000000 0.000000 0.000000 1.000000
0.984052 0.035415 0.174320 -0.000500 -0.043355 0.998179 0.041949 10.387000 -0.172517 -0.048838 0.983795 1.832200 0.000000 0.000000 0.000000 1.000000
0.982535 0.032725 0.183177 -0.000500 -0.044146 0.997304 0.058622 10.387000 -0.180764 -0.065685 0.981331 1.832200 0.000000 0.000000 0.000000 1.000000
0.981894 0.032585 0.186609 -0.000500 -0.045756 0.996722 0.066717 10.387000 -0.183823 -0.074048 0.980166 1.832200 0.000000 0.000000 0.000000 1.000000
0.981754 0.033322 0.187212 -0.000500 -0.047893 0.996118 0.073858 10.387000 -0.184024 -0.081476 0.979539 1.832200 0.000000 0.000000 0.000000 1.000000
0.980591 0.041678 0.191582 -0.000500 -0.059127 0.994515 0.086281 10.387000 -0.186935 -0.095934 0.977677 1.832200 0.000000 0.000000 0.000000 1.000000
0.975705 0.064898 0.209257 -0.000500 -0.084747 0.992569 0.087317 10.387000 -0.202036 -0.102929 0.973954 1.832200 0.000000 0.000000 0.000000 1.000000
0.970354 0.083242 0.226899 -0.000500 -0.102369 0.992001 0.073857 10.387000 -0.218936 -0.094895 0.971114 1.832200 0.000000 0.000000 0.000000 1.000000
0.970766 0.080643 0.226077 -0.000500 -0.096977 0.993349 0.062079 10.387000 -0.219567 -0.082188 0.972129 1.832200 0.000000 0.000000 0.000000 1.000000
0.977407 0.066904 0.200498 -0.000500 -0.081612 0.994476 0.066007 10.387000 -0.194974 -0.080878 0.977468 1.832200 0.000000 0.000000 0.000000 1.000000
0.985303 0.052587 0.162522 -0.000500 -0.065363 0.995092 0.074288 10.387000 -0.157818 -0.083819 0.983904 1.832200 0.000000 0.000000 0.000000 1.000000
0.991460 0.039490 0.124292 -0.000500 -0.049012 0.996015 0.074509 10.387000 -0.120854 -0.079964 0.989444 1.832200 0.000000 0.000000 0.000000 1.000000
0.994966 0.032034 0.094957 -0.000500 -0.038439 0.997052 0.066402 10.387000 -0.092550 -0.069718 0.993264 1.832200 0.000000 0.000000 0.000000 1.000000
0.996340 0.032647 0.078999 -0.000500 -0.037096 0.997768 0.055527 10.387000 -0.077010 -0.058255 0.995327 1.832200 0.000000 0.000000 0.000000 1.000000</float_array><technique_common><accessor source="#mixamorig_Head-Matrix-animation-output-transform-array" count="32" stride="16"><param type="float4x4"/></accessor></technique_common></source><source id="mixamorig_Head-Interpolations"><Name_array id="mixamorig_Head-Interpolations-array" count="32">
 LINEAR LINEAR LINEAR LINEAR LINEAR LINEAR LINEAR LINEAR LINEAR LINEAR LINEAR
LINEAR LINEAR LINEAR LINEAR LINEAR LINEAR LINEAR LINEAR LINEAR LINEAR LINEAR LINEAR
